Time	direction	frame	subF	slot	1stSym	nSymbol	cellId	bwpId	rnti	tbSize	mcs	rank	rv	SINR(dB)	CQI	corrupt	TBler
0.113143	DL	11	3	0	1	1	1	0	21	114	0	1	0	20.4355	13	0	0
0.113214	DL	11	3	0	2	1	1	0	26	114	0	1	0	31.2555	15	0	0
0.113286	DL	11	3	0	3	1	1	0	27	114	0	1	0	44.2835	15	0	0
0.113357	DL	11	3	0	4	1	1	0	10	114	0	1	0	27.9363	15	0	0
0.114143	DL	11	4	0	1	1	1	0	5	114	0	1	0	-26.8362	0	1	1
0.115143	DL	11	5	0	1	1	1	0	3	114	0	1	0	0.575117	4	0	0
0.115214	DL	11	5	0	2	1	1	0	12	114	0	1	0	-7.44897	0	1	0.937022
0.115286	DL	11	5	0	3	1	1	0	23	114	0	1	0	-41.7781	0	1	1
0.116143	DL	11	6	0	1	1	1	0	8	114	0	1	0	18.6175	12	0	0
0.116214	DL	11	6	0	2	1	1	0	7	114	0	1	0	47.7917	15	0	0
0.116286	DL	11	6	0	3	1	1	0	24	114	0	1	0	-25.8119	0	1	1
0.117143	DL	11	7	0	1	1	1	0	9	114	0	1	0	-13.5206	0	1	1
0.117214	DL	11	7	0	2	1	1	0	1	114	0	1	0	5.24503	6	0	0
0.117286	DL	11	7	0	3	1	1	0	11	114	0	1	0	12.1698	9	0	0
0.118143	DL	11	8	0	1	1	1	0	22	114	0	1	0	-18.8268	0	1	1
0.119929	DL	11	9	0	1	12	1	0	5	114	0	1	1	-17.5477	0	1	1
0.1205	DL	12	0	0	1	6	1	0	23	114	0	1	1	-34.2885	0	1	1
0.120929	DL	12	0	0	7	6	1	0	12	114	0	1	1	0.789043	4	0	0
0.121643	DL	12	1	0	1	8	1	0	24	114	0	1	1	-18.6612	0	1	1
0.121714	UL	12	1	0	9	1	1	0	10	114	0	1	0	-15.5165	255	1	1
0.121714	UL	12	1	0	9	1	1	0	10	114	0	1	0	-15.5165	255	1	1
0.121786	UL	12	1	0	10	1	1	0	27	114	0	1	0	0.466966	255	0	0
0.121786	UL	12	1	0	10	1	1	0	27	114	0	1	0	0.466966	255	0	0
0.121857	UL	12	1	0	11	1	1	0	26	114	0	1	0	-12.4084	255	1	1
0.121857	UL	12	1	0	11	1	1	0	26	114	0	1	0	-12.4084	255	1	1
0.121929	UL	12	1	0	12	1	1	0	21	114	0	1	0	-23.0336	255	1	1
0.121929	UL	12	1	0	12	1	1	0	21	114	0	1	0	-23.0336	255	1	1
0.122929	DL	12	2	0	1	12	1	0	9	114	0	1	1	-2.9957	2	0	0
0.123786	DL	12	3	0	1	10	1	0	22	114	0	1	1	-10.6329	0	1	1
0.123857	UL	12	3	0	11	1	1	0	3	114	0	1	0	-42.8927	255	1	1
0.123857	UL	12	3	0	11	1	1	0	3	114	0	1	0	-42.8927	255	1	1
0.124714	DL	12	4	0	1	9	1	0	5	114	0	1	2	-19.8522	0	1	1
0.124786	UL	12	4	0	10	1	1	0	8	114	0	1	0	-25.2476	255	1	1
0.124786	UL	12	4	0	10	1	1	0	8	114	0	1	0	-25.2476	255	1	1
0.124857	UL	12	4	0	11	1	1	0	7	114	0	1	0	3.92122	255	0	0
0.124857	UL	12	4	0	11	1	1	0	7	114	0	1	0	3.92122	255	0	0
0.125714	DL	12	5	0	1	9	1	0	23	114	0	1	2	-32.9806	0	1	1
0.125786	UL	12	5	0	10	1	1	0	11	114	0	1	0	-32.5006	255	1	1
0.125786	UL	12	5	0	10	1	1	0	11	114	0	1	0	-32.5006	255	1	1
0.125857	UL	12	5	0	11	1	1	0	1	114	0	1	0	-37.9869	255	1	1
0.125857	UL	12	5	0	11	1	1	0	1	114	0	1	0	-37.9869	255	1	1
0.126714	DL	12	6	0	1	9	1	0	24	114	0	1	2	-17.5519	0	1	1
0.126786	UL	12	6	0	10	1	1	0	21	114	0	1	1	-23.4152	255	1	1
0.126786	UL	12	6	0	10	1	1	0	21	114	0	1	1	-23.4152	255	1	1
0.126857	UL	12	6	0	11	1	1	0	26	114	0	1	1	-12.4174	255	1	1
0.126857	UL	12	6	0	11	1	1	0	26	114	0	1	1	-12.4174	255	1	1
0.126929	UL	12	6	0	12	1	1	0	10	114	0	1	1	-16.378	255	1	1
0.126929	UL	12	6	0	12	1	1	0	10	114	0	1	1	-16.378	255	1	1
0.127143	DL	12	7	0	1	1	1	0	4	114	0	1	0	12.0724	9	0	0
0.127214	DL	12	7	0	2	1	1	0	6	114	0	1	0	-6.53056	0	0	0.107803
0.127286	DL	12	7	0	3	1	1	0	28	114	0	1	0	-25.887	0	1	1
0.127357	DL	12	7	0	4	1	1	0	25	114	0	1	0	19.9913	13	0	0
0.127429	DL	12	7	0	5	1	1	0	2	114	0	1	0	4.59076	6	0	0
0.128857	DL	12	8	0	1	11	1	0	22	114	0	1	2	-13.4336	0	1	0.992881
0.128929	UL	12	8	0	12	1	1	0	3	114	0	1	1	-42.7645	255	1	1
0.128929	UL	12	8	0	12	1	1	0	3	114	0	1	1	-42.7645	255	1	1
0.129786	DL	12	9	0	1	10	1	0	5	114	0	1	3	-17.8766	0	1	0.999049
0.129857	UL	12	9	0	11	1	1	0	12	114	0	1	0	-51.4261	255	1	1
0.129857	UL	12	9	0	11	1	1	0	12	114	0	1	0	-51.4261	255	1	1
0.129929	UL	12	9	0	12	1	1	0	8	114	0	1	1	-25.042	255	1	1
0.129929	UL	12	9	0	12	1	1	0	8	114	0	1	1	-25.042	255	1	1
0.130714	DL	13	0	0	1	9	1	0	23	114	0	1	3	-33.5708	0	1	1
0.130786	UL	13	0	0	10	1	1	0	1	114	0	1	1	-38.1434	255	1	1
0.130786	UL	13	0	0	10	1	1	0	1	114	0	1	1	-38.1434	255	1	1
0.130857	UL	13	0	0	11	1	1	0	11	114	0	1	1	-32.9916	255	1	1
0.130857	UL	13	0	0	11	1	1	0	11	114	0	1	1	-32.9916	255	1	1
0.131643	DL	13	1	0	1	8	1	0	24	114	0	1	3	-17.6203	0	1	0.995311
0.131714	UL	13	1	0	9	1	1	0	9	114	0	1	0	-57.6111	255	1	1
0.131714	UL	13	1	0	9	1	1	0	9	114	0	1	0	-57.6111	255	1	1
0.131786	UL	13	1	0	10	1	1	0	10	114	0	1	2	-16.1174	255	1	1
0.131786	UL	13	1	0	10	1	1	0	10	114	0	1	2	-16.1174	255	1	1
0.131857	UL	13	1	0	11	1	1	0	26	114	0	1	2	-12.772	255	1	0.823721
0.131857	UL	13	1	0	11	1	1	0	26	114	0	1	2	-12.772	255	1	0.823721
0.131929	UL	13	1	0	12	1	1	0	21	114	0	1	2	-23.7492	255	1	1
0.131929	UL	13	1	0	12	1	1	0	21	114	0	1	2	-23.7492	255	1	1
0.132857	DL	13	2	0	1	11	1	0	28	114	0	1	1	-12.5538	0	1	1
0.133857	DL	13	3	0	1	11	1	0	22	114	0	1	3	-9.80172	0	0	0
0.133929	UL	13	3	0	12	1	1	0	3	114	0	1	2	-42.0904	255	1	1
0.133929	UL	13	3	0	12	1	1	0	3	114	0	1	2	-42.0904	255	1	1
0.134857	UL	13	4	0	11	1	1	0	8	114	0	1	2	-25.914	255	1	1
0.134857	UL	13	4	0	11	1	1	0	8	114	0	1	2	-25.914	255	1	1
0.134929	UL	13	4	0	12	1	1	0	12	114	0	1	1	-51.1213	255	1	1
0.134929	UL	13	4	0	12	1	1	0	12	114	0	1	1	-51.1213	255	1	1
0.1355	UL	13	5	0	6	1	1	0	2	114	0	1	0	-39.9362	255	1	1
0.1355	UL	13	5	0	6	1	1	0	2	114	0	1	0	-39.9362	255	1	1
0.135571	UL	13	5	0	7	1	1	0	25	114	0	1	0	-23.7506	255	1	1
0.135571	UL	13	5	0	7	1	1	0	25	114	0	1	0	-23.7506	255	1	1
0.135643	UL	13	5	0	8	1	1	0	6	114	0	1	0	-50.4928	255	1	1
0.135643	UL	13	5	0	8	1	1	0	6	114	0	1	0	-50.4928	255	1	1
0.135714	UL	13	5	0	9	1	1	0	4	114	0	1	0	-29.4452	255	1	1
0.135714	UL	13	5	0	9	1	1	0	4	114	0	1	0	-29.4452	255	1	1
0.135786	UL	13	5	0	10	1	1	0	11	114	0	1	2	-31.881	255	1	1
0.135786	UL	13	5	0	10	1	1	0	11	114	0	1	2	-31.881	255	1	1
0.135857	UL	13	5	0	11	1	1	0	1	114	0	1	2	-37.9424	255	1	1
0.135857	UL	13	5	0	11	1	1	0	1	114	0	1	2	-37.9424	255	1	1
0.136714	UL	13	6	0	9	1	1	0	21	114	0	1	3	-23.3391	255	1	1
0.136714	UL	13	6	0	9	1	1	0	21	114	0	1	3	-23.3391	255	1	1
0.136786	UL	13	6	0	10	1	1	0	26	114	0	1	3	-13.0251	255	0	0
0.136786	UL	13	6	0	10	1	1	0	26	114	0	1	3	-13.0251	255	0	0
0.136857	UL	13	6	0	11	1	1	0	10	114	0	1	3	-16.2732	255	0	0.0421378
0.136857	UL	13	6	0	11	1	1	0	10	114	0	1	3	-16.2732	255	0	0.0421378
0.136929	UL	13	6	0	12	1	1	0	9	114	0	1	1	-57.6781	255	1	1
0.136929	UL	13	6	0	12	1	1	0	9	114	0	1	1	-57.6781	255	1	1
0.137929	DL	13	7	0	1	12	1	0	28	114	0	1	2	-12.8322	0	1	0.999995
0.138857	UL	13	8	0	11	1	1	0	3	114	0	1	3	-42.3225	255	1	1
0.138857	UL	13	8	0	11	1	1	0	3	114	0	1	3	-42.3225	255	1	1
0.139857	UL	13	9	0	11	1	1	0	12	114	0	1	2	-51.4471	255	1	1
0.139857	UL	13	9	0	11	1	1	0	12	114	0	1	2	-51.4471	255	1	1
0.139929	UL	13	9	0	12	1	1	0	8	114	0	1	3	-25.8758	255	1	1
0.139929	UL	13	9	0	12	1	1	0	8	114	0	1	3	-25.8758	255	1	1
0.140571	UL	14	0	0	7	1	1	0	1	114	0	1	3	-38.7072	255	1	1
0.140571	UL	14	0	0	7	1	1	0	1	114	0	1	3	-38.7072	255	1	1
0.140643	UL	14	0	0	8	1	1	0	11	114	0	1	3	-31.9135	255	1	1
0.140643	UL	14	0	0	8	1	1	0	11	114	0	1	3	-31.9135	255	1	1
0.140714	UL	14	0	0	9	1	1	0	4	114	0	1	1	-30.6364	255	1	1
0.140714	UL	14	0	0	9	1	1	0	4	114	0	1	1	-30.6364	255	1	1
0.140786	UL	14	0	0	10	1	1	0	6	114	0	1	1	-50.4597	255	1	1
0.140786	UL	14	0	0	10	1	1	0	6	114	0	1	1	-50.4597	255	1	1
0.140857	UL	14	0	0	11	1	1	0	25	114	0	1	1	-23.4765	255	1	1
0.140857	UL	14	0	0	11	1	1	0	25	114	0	1	1	-23.4765	255	1	1
0.140929	UL	14	0	0	12	1	1	0	2	114	0	1	1	-40.4816	255	1	1
0.140929	UL	14	0	0	12	1	1	0	2	114	0	1	1	-40.4816	255	1	1
0.141786	UL	14	1	0	10	1	1	0	22	114	0	1	0	-62.9578	255	1	1
0.141786	UL	14	1	0	10	1	1	0	22	114	0	1	0	-62.9578	255	1	1
0.141857	UL	14	1	0	11	1	1	0	9	114	0	1	2	-58.0051	255	1	1
0.141857	UL	14	1	0	11	1	1	0	9	114	0	1	2	-58.0051	255	1	1
0.142929	DL	14	2	0	1	12	1	0	28	114	0	1	3	-12.9611	0	0	0
0.144143	DL	14	4	0	1	1	1	0	27	4030	28	1	0	44.1137	15	0	0
0.144857	UL	14	4	0	11	1	1	0	12	114	0	1	3	-50.9588	255	1	1
0.144857	UL	14	4	0	11	1	1	0	12	114	0	1	3	-50.9588	255	1	1
0.145714	UL	14	5	0	9	1	1	0	2	114	0	1	2	-39.7702	255	1	1
0.145714	UL	14	5	0	9	1	1	0	2	114	0	1	2	-39.7702	255	1	1
0.145786	UL	14	5	0	10	1	1	0	25	114	0	1	2	-23.2327	255	1	1
0.145786	UL	14	5	0	10	1	1	0	25	114	0	1	2	-23.2327	255	1	1
0.145857	UL	14	5	0	11	1	1	0	6	114	0	1	2	-50.4499	255	1	1
0.145857	UL	14	5	0	11	1	1	0	6	114	0	1	2	-50.4499	255	1	1
0.145929	UL	14	5	0	12	1	1	0	4	114	0	1	2	-32.0164	255	1	1
0.145929	UL	14	5	0	12	1	1	0	4	114	0	1	2	-32.0164	255	1	1
0.146857	UL	14	6	0	11	1	1	0	9	114	0	1	3	-57.5444	255	1	1
0.146857	UL	14	6	0	11	1	1	0	9	114	0	1	3	-57.5444	255	1	1
0.146929	UL	14	6	0	12	1	1	0	22	114	0	1	1	-65.7066	255	1	1
0.146929	UL	14	6	0	12	1	1	0	22	114	0	1	1	-65.7066	255	1	1
0.147143	DL	14	7	0	1	1	1	0	7	4030	28	1	0	49.6423	15	0	0
0.150714	UL	15	0	0	9	1	1	0	4	114	0	1	3	-30.6691	255	1	1
0.150714	UL	15	0	0	9	1	1	0	4	114	0	1	3	-30.6691	255	1	1
0.150786	UL	15	0	0	10	1	1	0	6	114	0	1	3	-50.3845	255	1	1
0.150786	UL	15	0	0	10	1	1	0	6	114	0	1	3	-50.3845	255	1	1
0.150857	UL	15	0	0	11	1	1	0	25	114	0	1	3	-23.2808	255	1	1
0.150857	UL	15	0	0	11	1	1	0	25	114	0	1	3	-23.2808	255	1	1
0.150929	UL	15	0	0	12	1	1	0	2	114	0	1	3	-39.803	255	1	1
0.150929	UL	15	0	0	12	1	1	0	2	114	0	1	3	-39.803	255	1	1
0.151857	UL	15	1	0	11	1	1	0	28	114	0	1	0	-68.5727	255	1	1
0.151857	UL	15	1	0	11	1	1	0	28	114	0	1	0	-68.5727	255	1	1
0.151929	UL	15	1	0	12	1	1	0	22	114	0	1	2	-62.9804	255	1	1
0.151929	UL	15	1	0	12	1	1	0	22	114	0	1	2	-62.9804	255	1	1
0.156857	UL	15	6	0	11	1	1	0	22	114	0	1	3	-61.9536	255	1	1
0.156857	UL	15	6	0	11	1	1	0	22	114	0	1	3	-61.9536	255	1	1
0.156929	UL	15	6	0	12	1	1	0	28	114	0	1	1	-67.703	255	1	1
0.156929	UL	15	6	0	12	1	1	0	28	114	0	1	1	-67.703	255	1	1
0.159143	DL	15	9	0	1	1	1	0	10	4030	28	1	0	28.9167	15	0	0
0.159214	DL	15	9	0	2	1	1	0	26	4030	28	1	0	31.2832	15	0	5.5058e-11
0.161929	UL	16	1	0	12	1	1	0	28	114	0	1	2	-67.8911	255	1	1
0.161929	UL	16	1	0	12	1	1	0	28	114	0	1	2	-67.8911	255	1	1
0.166929	UL	16	6	0	12	1	1	0	28	114	0	1	3	-68.2275	255	1	1
0.166929	UL	16	6	0	12	1	1	0	28	114	0	1	3	-68.2275	255	1	1
3.11314	DL	311	3	0	1	1	1	0	21	114	0	1	0	40.8978	15	0	0
3.11414	DL	311	4	0	1	1	1	0	5	114	0	1	0	-5.62661	1	0	5.07844e-06
3.11514	DL	311	5	0	1	1	1	0	12	114	0	1	0	-38.1419	0	1	1
3.11521	DL	311	5	0	2	1	1	0	3	114	0	1	0	36.0108	15	0	0
3.11529	DL	311	5	0	3	1	1	0	23	114	0	1	0	-12.8765	0	1	1
3.11614	DL	311	6	0	1	1	1	0	8	114	0	1	0	34.7153	15	0	0
3.11621	DL	311	6	0	2	1	1	0	24	114	0	1	0	22.0051	14	0	0
3.11714	DL	311	7	0	1	1	1	0	9	114	0	1	0	47.91	15	0	0
3.11721	DL	311	7	0	2	1	1	0	1	114	0	1	0	13.9305	10	0	0
3.11729	DL	311	7	0	3	1	1	0	11	114	0	1	0	-21.5919	0	1	1
3.11814	DL	311	8	0	1	1	1	0	22	114	0	1	0	-2.4309	3	0	0
3.11914	DL	311	9	0	1	1	1	0	6	114	0	1	0	27.6668	15	0	0
3.1205	DL	312	0	0	1	6	1	0	23	114	0	1	1	-6.61409	0	0	1.2557e-06
3.12093	DL	312	0	0	7	6	1	0	12	114	0	1	1	-31.5742	0	1	1
3.12114	DL	312	1	0	1	1	1	0	2	114	0	1	0	27.7882	15	0	0
3.12121	DL	312	1	0	2	1	1	0	25	114	0	1	0	-12.6025	0	1	1
3.12193	UL	312	1	0	12	1	1	0	21	114	0	1	0	-2.92159	255	0	0
3.12193	UL	312	1	0	12	1	1	0	21	114	0	1	0	-2.92159	255	0	0
3.12293	DL	312	2	0	1	12	1	0	11	114	0	1	1	-9.34204	0	1	0.999998
3.12314	DL	312	3	0	1	1	1	0	28	114	0	1	0	14.0098	11	0	0
3.12321	DL	312	3	0	2	1	1	0	4	114	0	1	0	46.4632	15	0	0
3.12393	UL	312	3	0	12	1	1	0	3	114	0	1	0	-7.91755	255	1	0.986509
3.12393	UL	312	3	0	12	1	1	0	3	114	0	1	0	-7.91755	255	1	0.986509
3.12493	UL	312	4	0	12	1	1	0	8	114	0	1	0	-9.35656	255	1	1
3.12493	UL	312	4	0	12	1	1	0	8	114	0	1	0	-9.35656	255	1	1
3.12571	DL	312	5	0	1	9	1	0	12	114	0	1	2	-26.9683	0	1	1
3.12579	UL	312	5	0	10	1	1	0	11	114	0	1	0	-64.9262	255	1	1
3.12579	UL	312	5	0	10	1	1	0	11	114	0	1	0	-64.9262	255	1	1
3.12586	UL	312	5	0	11	1	1	0	1	114	0	1	0	-28.0559	255	1	1
3.12586	UL	312	5	0	11	1	1	0	1	114	0	1	0	-28.0559	255	1	1
3.12593	UL	312	5	0	12	1	1	0	9	114	0	1	0	3.89759	255	0	0
3.12593	UL	312	5	0	12	1	1	0	9	114	0	1	0	3.89759	255	0	0
3.12686	DL	312	6	0	1	11	1	0	25	114	0	1	1	-3.26667	2	0	0
3.12693	UL	312	6	0	12	1	1	0	22	114	0	1	0	-45.5591	255	1	1
3.12693	UL	312	6	0	12	1	1	0	22	114	0	1	0	-45.5591	255	1	1
3.12779	DL	312	7	0	1	10	1	0	11	114	0	1	2	-10.2012	0	0	0.00689308
3.12786	UL	312	7	0	11	1	1	0	21	275	4	1	0	-3.25371	255	1	0.494386
3.12786	UL	312	7	0	11	1	1	0	21	275	4	1	0	-3.25371	255	1	0.494386
3.12793	UL	312	7	0	12	1	1	0	6	114	0	1	0	-15.3785	255	1	1
3.12793	UL	312	7	0	12	1	1	0	6	114	0	1	0	-15.3785	255	1	1
3.12893	UL	312	8	0	12	1	1	0	3	114	0	1	1	-8.18463	255	0	1.11022e-16
3.12893	UL	312	8	0	12	1	1	0	3	114	0	1	1	-8.18463	255	0	1.11022e-16
3.12971	UL	312	9	0	9	1	1	0	12	114	0	1	0	-81.7433	255	1	1
3.12971	UL	312	9	0	9	1	1	0	12	114	0	1	0	-81.7433	255	1	1
3.12979	UL	312	9	0	10	1	1	0	2	114	0	1	0	-16.5232	255	1	1
3.12979	UL	312	9	0	10	1	1	0	2	114	0	1	0	-16.5232	255	1	1
3.12986	UL	312	9	0	11	1	1	0	8	114	0	1	1	-9.01798	255	0	0.000178616
3.12986	UL	312	9	0	11	1	1	0	8	114	0	1	1	-9.01798	255	0	0.000178616
3.13079	DL	313	0	0	1	10	1	0	12	114	0	1	3	-29.4243	0	1	1
3.13086	UL	313	0	0	11	1	1	0	1	114	0	1	1	-28.537	255	1	1
3.13086	UL	313	0	0	11	1	1	0	1	114	0	1	1	-28.537	255	1	1
3.13093	UL	313	0	0	12	1	1	0	11	114	0	1	1	-63.6494	255	1	1
3.13093	UL	313	0	0	12	1	1	0	11	114	0	1	1	-63.6494	255	1	1
3.13171	UL	313	1	0	9	1	1	0	4	114	0	1	0	1.93535	255	0	0
3.13171	UL	313	1	0	9	1	1	0	4	114	0	1	0	1.93535	255	0	0
3.13179	UL	313	1	0	10	1	1	0	28	114	0	1	0	-30.1813	255	1	1
3.13179	UL	313	1	0	10	1	1	0	28	114	0	1	0	-30.1813	255	1	1
3.13186	UL	313	1	0	11	1	1	0	9	744	9	1	0	4.21831	255	0	0
3.13186	UL	313	1	0	11	1	1	0	9	744	9	1	0	4.21831	255	0	0
3.13193	UL	313	1	0	12	1	1	0	22	114	0	1	1	-45.7814	255	1	1
3.13193	UL	313	1	0	12	1	1	0	22	114	0	1	1	-45.7814	255	1	1
3.13286	UL	313	2	0	11	1	1	0	6	114	0	1	1	-15.2615	255	1	1
3.13286	UL	313	2	0	11	1	1	0	6	114	0	1	1	-15.2615	255	1	1
3.13293	UL	313	2	0	12	1	1	0	21	275	4	1	1	-3.33662	255	0	0
3.13293	UL	313	2	0	12	1	1	0	21	275	4	1	1	-3.33662	255	0	0
3.13457	UL	313	4	0	7	1	1	0	25	114	0	1	0	-58.0199	255	1	1
3.13457	UL	313	4	0	7	1	1	0	25	114	0	1	0	-58.0199	255	1	1
3.13464	UL	313	4	0	8	1	1	0	8	114	0	1	0	-9.06516	255	1	0.999999
3.13464	UL	313	4	0	8	1	1	0	8	114	0	1	0	-9.06516	255	1	0.999999
3.13471	UL	313	4	0	9	1	1	0	3	114	0	1	0	-8.43744	255	1	0.999741
3.13471	UL	313	4	0	9	1	1	0	3	114	0	1	0	-8.43744	255	1	0.999741
3.13479	UL	313	4	0	10	1	1	0	2	114	0	1	1	-15.5736	255	1	1
3.13479	UL	313	4	0	10	1	1	0	2	114	0	1	1	-15.5736	255	1	1
3.13486	UL	313	4	0	11	1	1	0	12	114	0	1	1	-82.6872	255	1	1
3.13486	UL	313	4	0	11	1	1	0	12	114	0	1	1	-82.6872	255	1	1
3.13571	UL	313	5	0	9	1	1	0	2	114	0	1	0	-15.5971	255	1	1
3.13571	UL	313	5	0	9	1	1	0	2	114	0	1	0	-15.5971	255	1	1
3.13579	UL	313	5	0	10	1	1	0	11	114	0	1	2	-64.7829	255	1	1
3.13579	UL	313	5	0	10	1	1	0	11	114	0	1	2	-64.7829	255	1	1
3.13586	UL	313	5	0	11	1	1	0	1	114	0	1	2	-28.2904	255	1	1
3.13586	UL	313	5	0	11	1	1	0	1	114	0	1	2	-28.2904	255	1	1
3.13664	UL	313	6	0	8	1	1	0	11	114	0	1	0	-66.3636	255	1	1
3.13664	UL	313	6	0	8	1	1	0	11	114	0	1	0	-66.3636	255	1	1
3.13671	UL	313	6	0	9	1	1	0	6	114	0	1	0	-14.49	255	1	1
3.13671	UL	313	6	0	9	1	1	0	6	114	0	1	0	-14.49	255	1	1
3.13679	UL	313	6	0	10	1	1	0	4	641	8	1	0	1.83023	255	0	5.72191e-11
3.13679	UL	313	6	0	10	1	1	0	4	641	8	1	0	1.83023	255	0	5.72191e-11
3.13686	UL	313	6	0	11	1	1	0	22	114	0	1	2	-46.7636	255	1	1
3.13686	UL	313	6	0	11	1	1	0	22	114	0	1	2	-46.7636	255	1	1
3.13693	UL	313	6	0	12	1	1	0	28	114	0	1	1	-29.8819	255	1	1
3.13693	UL	313	6	0	12	1	1	0	28	114	0	1	1	-29.8819	255	1	1
3.13793	UL	313	7	0	12	1	1	0	6	114	0	1	2	-14.7693	255	1	1
3.13793	UL	313	7	0	12	1	1	0	6	114	0	1	2	-14.7693	255	1	1
3.13964	UL	313	9	0	8	1	1	0	12	114	0	1	2	-81.1386	255	1	1
3.13964	UL	313	9	0	8	1	1	0	12	114	0	1	2	-81.1386	255	1	1
3.13971	UL	313	9	0	9	1	1	0	2	114	0	1	2	-16.0053	255	1	1
3.13971	UL	313	9	0	9	1	1	0	2	114	0	1	2	-16.0053	255	1	1
3.13979	UL	313	9	0	10	1	1	0	3	114	0	1	1	-8.22846	255	0	1.53322e-12
3.13979	UL	313	9	0	10	1	1	0	3	114	0	1	1	-8.22846	255	0	1.53322e-12
3.13986	UL	313	9	0	11	1	1	0	8	114	0	1	1	-9.15403	255	0	6.00903e-05
3.13986	UL	313	9	0	11	1	1	0	8	114	0	1	1	-9.15403	255	0	6.00903e-05
3.13993	UL	313	9	0	12	1	1	0	25	114	0	1	1	-58.2589	255	1	1
3.13993	UL	313	9	0	12	1	1	0	25	114	0	1	1	-58.2589	255	1	1
3.14071	UL	314	0	0	9	1	1	0	1	114	0	1	3	-27.2006	255	1	1
3.14071	UL	314	0	0	9	1	1	0	1	114	0	1	3	-27.2006	255	1	1
3.14079	UL	314	0	0	10	1	1	0	11	114	0	1	3	-64.7869	255	1	1
3.14079	UL	314	0	0	10	1	1	0	11	114	0	1	3	-64.7869	255	1	1
3.14086	UL	314	0	0	11	1	1	0	2	114	0	1	1	-15.2682	255	1	1
3.14086	UL	314	0	0	11	1	1	0	2	114	0	1	1	-15.2682	255	1	1
3.14171	UL	314	1	0	9	1	1	0	28	114	0	1	2	-29.4668	255	1	1
3.14171	UL	314	1	0	9	1	1	0	28	114	0	1	2	-29.4668	255	1	1
3.14179	UL	314	1	0	10	1	1	0	22	114	0	1	3	-46.86	255	1	1
3.14179	UL	314	1	0	10	1	1	0	22	114	0	1	3	-46.86	255	1	1
3.14186	UL	314	1	0	11	1	1	0	6	114	0	1	1	-15.1949	255	1	1
3.14186	UL	314	1	0	11	1	1	0	6	114	0	1	1	-15.1949	255	1	1
3.14193	UL	314	1	0	12	1	1	0	11	114	0	1	1	-64.9921	255	1	1
3.14193	UL	314	1	0	12	1	1	0	11	114	0	1	1	-64.9921	255	1	1
3.14286	UL	314	2	0	11	1	1	0	22	114	0	1	0	-45.3368	255	1	1
3.14286	UL	314	2	0	11	1	1	0	22	114	0	1	0	-45.3368	255	1	1
3.14293	UL	314	2	0	12	1	1	0	6	114	0	1	3	-15.2261	255	0	4.92429e-08
3.14293	UL	314	2	0	12	1	1	0	6	114	0	1	3	-15.2261	255	0	4.92429e-08
3.14479	UL	314	4	0	10	1	1	0	25	114	0	1	2	-58.696	255	1	1
3.14479	UL	314	4	0	10	1	1	0	25	114	0	1	2	-58.696	255	1	1
3.14486	UL	314	4	0	11	1	1	0	2	114	0	1	3	-15.6219	255	0	0.00132429
3.14486	UL	314	4	0	11	1	1	0	2	114	0	1	3	-15.6219	255	0	0.00132429
3.14493	UL	314	4	0	12	1	1	0	12	114	0	1	3	-82.806	255	1	1
3.14493	UL	314	4	0	12	1	1	0	12	114	0	1	3	-82.806	255	1	1
3.14586	UL	314	5	0	11	1	1	0	2	114	0	1	2	-15.2337	255	1	1
3.14586	UL	314	5	0	11	1	1	0	2	114	0	1	2	-15.2337	255	1	1
3.14679	UL	314	6	0	10	1	1	0	11	114	0	1	2	-65.7578	255	1	1
3.14679	UL	314	6	0	10	1	1	0	11	114	0	1	2	-65.7578	255	1	1
3.14686	UL	314	6	0	11	1	1	0	6	114	0	1	2	-15.3172	255	1	1
3.14686	UL	314	6	0	11	1	1	0	6	114	0	1	2	-15.3172	255	1	1
3.14693	UL	314	6	0	12	1	1	0	28	114	0	1	3	-30.2557	255	1	1
3.14693	UL	314	6	0	12	1	1	0	28	114	0	1	3	-30.2557	255	1	1
3.14793	UL	314	7	0	12	1	1	0	22	114	0	1	1	-46.1314	255	1	1
3.14793	UL	314	7	0	12	1	1	0	22	114	0	1	1	-46.1314	255	1	1
3.14993	UL	314	9	0	12	1	1	0	25	114	0	1	3	-58.7468	255	1	1
3.14993	UL	314	9	0	12	1	1	0	25	114	0	1	3	-58.7468	255	1	1
3.15093	UL	315	0	0	12	1	1	0	2	114	0	1	3	-14.3793	255	0	9.52298e-09
3.15093	UL	315	0	0	12	1	1	0	2	114	0	1	3	-14.3793	255	0	9.52298e-09
3.15179	UL	315	1	0	10	1	1	0	28	114	0	1	0	-29.8603	255	1	1
3.15179	UL	315	1	0	10	1	1	0	28	114	0	1	0	-29.8603	255	1	1
3.15186	UL	315	1	0	11	1	1	0	6	114	0	1	3	-15.0183	255	0	1.71737e-09
3.15186	UL	315	1	0	11	1	1	0	6	114	0	1	3	-15.0183	255	0	1.71737e-09
3.15193	UL	315	1	0	12	1	1	0	11	114	0	1	3	-64.8613	255	1	1
3.15193	UL	315	1	0	12	1	1	0	11	114	0	1	3	-64.8613	255	1	1
3.15293	UL	315	2	0	12	1	1	0	22	114	0	1	2	-47.2535	255	1	1
3.15293	UL	315	2	0	12	1	1	0	22	114	0	1	2	-47.2535	255	1	1
3.15686	UL	315	6	0	11	1	1	0	28	114	0	1	1	-29.4857	255	1	1
3.15686	UL	315	6	0	11	1	1	0	28	114	0	1	1	-29.4857	255	1	1
3.15793	UL	315	7	0	12	1	1	0	22	114	0	1	3	-46.1289	255	1	1
3.15793	UL	315	7	0	12	1	1	0	22	114	0	1	3	-46.1289	255	1	1
3.16193	UL	316	1	0	12	1	1	0	28	114	0	1	2	-28.5197	255	1	1
3.16193	UL	316	1	0	12	1	1	0	28	114	0	1	2	-28.5197	255	1	1
3.16693	UL	316	6	0	12	1	1	0	28	114	0	1	3	-28.7409	255	1	1
3.16693	UL	316	6	0	12	1	1	0	28	114	0	1	3	-28.7409	255	1	1
3.22293	UL	322	2	0	12	1	1	0	5	114	0	1	0	-6.73244	255	1	0.119191
3.22293	UL	322	2	0	12	1	1	0	5	114	0	1	0	-6.73244	255	1	0.119191
3.22493	UL	322	4	0	12	1	1	0	24	114	0	1	0	0.211219	255	0	0
3.22493	UL	322	4	0	12	1	1	0	24	114	0	1	0	0.211219	255	0	0
3.22793	UL	322	7	0	12	1	1	0	5	114	0	1	1	-6.88516	255	0	0
3.22793	UL	322	7	0	12	1	1	0	5	114	0	1	1	-6.88516	255	0	0
3.22893	UL	322	8	0	12	1	1	0	23	114	0	1	0	-56.1138	255	1	1
3.22893	UL	322	8	0	12	1	1	0	23	114	0	1	0	-56.1138	255	1	1
3.23393	UL	323	3	0	12	1	1	0	23	114	0	1	1	-55.9749	255	1	1
3.23393	UL	323	3	0	12	1	1	0	23	114	0	1	1	-55.9749	255	1	1
3.23886	UL	323	8	0	11	1	1	0	23	114	0	1	2	-55.7061	255	1	1
3.23886	UL	323	8	0	11	1	1	0	23	114	0	1	2	-55.7061	255	1	1
3.24386	UL	324	3	0	11	1	1	0	23	114	0	1	3	-56.374	255	1	1
3.24386	UL	324	3	0	11	1	1	0	23	114	0	1	3	-56.374	255	1	1
3.24514	DL	324	5	0	1	1	1	0	21	4030	28	1	0	42.5577	15	0	0
3.24814	DL	324	8	0	1	1	1	0	24	3725	26	1	0	44.0902	15	0	0
3.24914	DL	324	9	0	1	1	1	0	9	4030	28	1	0	10.1622	9	1	1
3.25114	DL	325	1	0	1	1	1	0	5	114	0	1	0	37.1115	15	0	0
3.25214	DL	325	2	0	1	1	1	0	3	4030	28	1	0	37.372	15	0	0
3.25221	DL	325	2	0	2	1	1	0	8	4030	28	1	0	36.5598	15	0	0
3.25493	DL	325	4	0	1	12	1	0	9	4030	28	1	1	21.0337	13	0	0
3.25514	DL	325	5	0	1	1	1	0	4	4030	28	1	0	1.34767	4	1	1
3.26093	DL	326	0	0	1	12	1	0	4	4030	28	1	1	11.257	9	1	1
3.26593	DL	326	5	0	1	12	1	0	4	4030	28	1	2	10.9781	9	0	0
3.26614	DL	326	6	0	1	1	1	0	6	4030	28	1	0	27.0109	15	0	0.00221594
3.26714	DL	326	7	0	1	1	1	0	2	4030	28	1	0	6.24223	7	1	1
3.27293	DL	327	2	0	1	12	1	0	2	4030	28	1	1	16.6278	11	1	1
3.27793	DL	327	7	0	1	12	1	0	2	4030	28	1	2	17.4384	12	0	0
