Time(sec)	CellId	BwpId	IMSI	pathLoss(dB)
0.0179286	1	0	1	-129.922
0.0179286	1	0	2	-130.628
0.0179286	1	0	3	-104.773
0.0179286	1	0	4	-97.8331
0.0179286	1	0	5	-160.393
0.0179286	1	0	6	-119.146
0.0179286	1	0	7	-86.7638
0.0179286	1	0	8	-96.0161
0.0179286	1	0	9	-106.051
0.0179286	1	0	10	-106.856
0.0179286	1	0	11	-165.167
0.0179286	1	0	12	-141.927
0.0179286	1	0	13	-95.9166
0.0179286	1	0	14	-151.506
0.0179286	1	0	15	-180.148
0.0179286	1	0	16	-141.276
0.0179286	1	0	17	-118.194
0.0179286	1	0	18	-115.703
0.0179286	1	0	19	-91.1616
0.0179286	1	0	20	-162.509
0.0258571	1	0	4	-97.5396
0.0259286	1	0	13	-95.6514
0.0259286	1	0	14	-150.929
0.0259286	1	0	15	-180.224
0.0259286	1	0	16	-142.098
0.0259286	1	0	17	-118.025
0.0259286	1	0	18	-115.425
0.0259286	1	0	19	-91.3296
0.0259286	1	0	20	-162.295
0.0348571	1	0	7	-86.107
0.0368571	1	0	3	-105.203
0.0388571	1	0	5	-160.506
0.0438571	1	0	14	-151.709
0.0448571	1	0	20	-162.058
0.0458571	1	0	12	-141.544
0.0508571	1	0	15	-178.664
0.0528571	1	0	10	-106.917
0.0558571	1	0	16	-141.93
0.0588571	1	0	1	-128.59
0.0618571	1	0	9	-104.274
0.0638571	1	0	11	-165.89
0.0648571	1	0	2	-131.327
0.0678571	1	0	19	-92.6154
0.0898571	1	0	13	-96.5266
0.0948571	1	0	18	-113.731
0.0958571	1	0	6	-117.616
0.0988571	1	0	8	-97.0986
0.100857	1	0	17	-114.905
0.105857	1	0	4	-121.901
0.114857	1	0	7	-87.7032
0.115929	1	0	13	-113.895
0.115929	1	0	18	-104.309
0.115929	1	0	19	-91.2767
0.115929	1	0	10	-106.805
0.116857	1	0	3	-136.113
0.116929	1	0	13	-114.007
0.116929	1	0	18	-104.336
0.116929	1	0	19	-91.2902
0.116929	1	0	10	-106.869
0.116929	1	0	5	-160.714
0.117929	1	0	5	-160.735
0.117929	1	0	12	-141.609
0.117929	1	0	15	-176.594
0.117929	1	0	3	-136.075
0.118857	1	0	5	-160.363
0.118929	1	0	12	-141.644
0.118929	1	0	15	-176.744
0.118929	1	0	8	-115.83
0.118929	1	0	7	-87.4807
0.118929	1	0	16	-161.858
0.118929	1	0	3	-136.049
0.119929	1	0	8	-115.982
0.119929	1	0	7	-87.5206
0.119929	1	0	16	-162.071
0.119929	1	0	9	-148.211
0.119929	1	0	1	-128.097
0.119929	1	0	11	-122.486
0.120929	1	0	9	-148.332
0.120929	1	0	1	-128
0.120929	1	0	11	-122.643
0.120929	1	0	14	-153.633
0.121643	1	0	10	-106.517
0.121714	1	0	19	-91.0999
0.121786	1	0	18	-104.589
0.121857	1	0	13	-113.944
0.121929	1	0	14	-153.9
0.121929	1	0	5	-160.31
0.122929	1	0	5	-160.251
0.122929	1	0	15	-176.313
0.122929	1	0	12	-141.683
0.123786	1	0	3	-135.684
0.123857	1	0	14	-154.126
0.123929	1	0	15	-176.54
0.123929	1	0	12	-141.969
0.123929	1	0	16	-162.239
0.124714	1	0	8	-115.88
0.124786	1	0	7	-87.6713
0.124857	1	0	20	-160.121
0.124929	1	0	12	-142.092
0.124929	1	0	16	-162.16
0.124929	1	0	9	-148.713
0.125714	1	0	11	-122.56
0.125786	1	0	1	-127.834
0.125857	1	0	12	-141.969
0.125929	1	0	9	-148.803
0.125929	1	0	14	-154.527
0.126714	1	0	13	-114.11
0.126786	1	0	18	-104.466
0.126857	1	0	10	-106.797
0.126929	1	0	9	-148.773
0.126929	1	0	14	-154.411
0.126929	1	0	5	-160.479
0.127929	1	0	5	-160.387
0.127929	1	0	15	-176.608
0.128857	1	0	3	-135.557
0.128929	1	0	15	-176.921
0.128929	1	0	16	-161.91
0.129786	1	0	12	-141.51
0.129857	1	0	8	-116.4
0.129929	1	0	16	-162.151
0.129929	1	0	4	-121.688
0.129929	1	0	6	-139.67
0.129929	1	0	20	-160.087
0.129929	1	0	17	-114.461
0.129929	1	0	2	-131.856
0.130714	1	0	1	-127.707
0.130786	1	0	11	-121.996
0.130857	1	0	15	-177.27
0.130929	1	0	4	-121.582
0.130929	1	0	6	-139.633
0.130929	1	0	20	-159.825
0.130929	1	0	17	-114.524
0.130929	1	0	2	-131.67
0.130929	1	0	14	-154.656
0.131643	1	0	9	-149.014
0.131714	1	0	10	-106.885
0.131786	1	0	18	-104.556
0.131857	1	0	13	-114.147
0.131929	1	0	14	-154.794
0.131929	1	0	5	-160.501
0.132857	1	0	10	-106.838
0.132929	1	0	5	-160.618
0.132929	1	0	15	-177.786
0.133857	1	0	3	-135.091
0.133929	1	0	15	-177.826
0.133929	1	0	16	-162.659
0.134786	1	0	8	-117.048
0.134857	1	0	12	-141.62
0.134929	1	0	16	-162.661
0.134929	1	0	20	-160.141
0.135429	1	0	2	-132.188
0.1355	1	0	17	-114.537
0.135571	1	0	6	-139.659
0.135643	1	0	4	-122.064
0.135714	1	0	11	-122.078
0.135786	1	0	1	-127.559
0.135857	1	0	16	-162.801
0.135929	1	0	20	-160.083
0.135929	1	0	14	-154.44
0.136643	1	0	13	-114.339
0.136714	1	0	18	-105.085
0.136786	1	0	10	-107.082
0.136857	1	0	9	-148.663
0.136929	1	0	14	-154.358
0.138786	1	0	3	-135.111
0.138857	1	0	1	-128.064
0.139786	1	0	12	-141.616
0.139857	1	0	8	-117.29
0.139929	1	0	20	-159.398
0.1405	1	0	1	-128.301
0.140571	1	0	11	-122.512
0.140643	1	0	4	-121.871
0.140714	1	0	6	-139.604
0.140786	1	0	17	-114.264
0.140857	1	0	2	-132.379
0.140929	1	0	20	-159.366
0.141714	1	0	14	-155.033
0.141786	1	0	9	-149.064
0.141857	1	0	9	-149.075
0.143857	1	0	11	-122.722
0.144786	1	0	12	-141.43
0.144857	1	0	2	-132.338
0.144929	1	0	20	-158.622
0.145643	1	0	2	-132.065
0.145714	1	0	17	-113.991
0.145786	1	0	6	-139.467
0.145857	1	0	4	-122.147
0.145929	1	0	20	-158.794
0.146786	1	0	9	-148.918
0.146857	1	0	14	-155.019
0.146929	1	0	20	-158.944
0.146929	1	0	19	-91.6063
0.147857	1	0	19	-91.6223
0.147929	1	0	19	-91.6406
0.149929	1	0	7	-85.7784
0.150643	1	0	4	-121.572
0.150714	1	0	6	-139.622
0.150786	1	0	17	-114.037
0.150857	1	0	2	-131.673
0.150929	1	0	7	-85.5572
0.151786	1	0	20	-158.874
0.151857	1	0	14	-154.73
0.156786	1	0	14	-154.307
0.156857	1	0	20	-158.87
0.161857	1	0	20	-159.085
0.161929	1	0	10	-105.723
0.161929	1	0	18	-105.028
0.162929	1	0	10	-105.796
0.162929	1	0	18	-105.017
0.166857	1	0	20	-158.657
0.169857	1	0	13	-112.794
0.174857	1	0	18	-105.438
0.175857	1	0	6	-140.097
0.178857	1	0	8	-117.34
0.180857	1	0	17	-113.958
0.185857	1	0	4	-121.064
0.194857	1	0	7	-85.4956
0.196857	1	0	3	-135.241
0.198857	1	0	5	-160.033
0.203857	1	0	14	-155.016
0.204857	1	0	20	-159.432
0.205857	1	0	12	-142.913
0.210857	1	0	15	-133.747
0.212857	1	0	10	-126.08
0.215857	1	0	16	-117.221
0.218857	1	0	1	-120.419
0.221857	1	0	9	-167.31
0.223857	1	0	11	-123.626
0.224857	1	0	2	-131.144
0.227857	1	0	19	-136.313
0.249857	1	0	13	-93.602
0.254857	1	0	18	-91.7286
0.255857	1	0	6	-139.654
0.258857	1	0	8	-115.343
0.260857	1	0	17	-118.936
0.265857	1	0	4	-120.729
0.274857	1	0	7	-115.722
0.276857	1	0	3	-133.883
0.278857	1	0	5	-160.918
0.283857	1	0	14	-153.599
0.284857	1	0	20	-162.63
0.285857	1	0	12	-142.491
0.290857	1	0	15	-131.254
0.292857	1	0	10	-125.891
0.295857	1	0	16	-117.919
0.298857	1	0	1	-121.58
0.301857	1	0	9	-168
0.303857	1	0	11	-121.274
0.304857	1	0	2	-130.394
0.307857	1	0	19	-116.5
0.329857	1	0	13	-110.092
0.334857	1	0	18	-91.3734
0.335857	1	0	6	-94.3778
0.338857	1	0	8	-114.627
0.340857	1	0	17	-165.452
0.345857	1	0	4	-119.117
0.354857	1	0	7	-86.0452
0.356857	1	0	3	-147.845
0.358857	1	0	5	-160.021
0.363857	1	0	14	-132.692
0.364857	1	0	20	-100.157
0.365857	1	0	12	-124.198
0.370857	1	0	15	-177.019
0.372857	1	0	10	-147.295
0.375857	1	0	16	-117.234
0.378857	1	0	1	-151.517
0.381857	1	0	9	-133.261
0.383857	1	0	11	-167.667
0.384857	1	0	2	-130.175
0.387857	1	0	19	-119.147
0.409857	1	0	13	-110.224
0.414857	1	0	18	-111.645
0.415857	1	0	6	-135.565
0.418857	1	0	8	-140.828
0.420857	1	0	17	-121.358
0.425857	1	0	4	-96.8049
0.434857	1	0	7	-115.015
0.436857	1	0	3	-101.621
0.438857	1	0	5	-115.26
0.443857	1	0	14	-133.021
0.444857	1	0	20	-142.205
0.445857	1	0	12	-141.378
0.450857	1	0	15	-131.219
0.452857	1	0	10	-145.468
0.455857	1	0	16	-162.927
0.458857	1	0	1	-115.151
0.461857	1	0	9	-134.361
0.463857	1	0	11	-102.515
0.464857	1	0	2	-91.1735
0.467857	1	0	19	-139.774
0.489857	1	0	13	-92.7859
0.494857	1	0	18	-110.707
0.495857	1	0	6	-136.128
0.498857	1	0	8	-142.725
0.500857	1	0	17	-120.899
0.505857	1	0	4	-98.0343
0.514857	1	0	7	-114.702
0.516857	1	0	3	-149.102
0.518857	1	0	5	-161.992
0.523857	1	0	14	-131.33
0.524857	1	0	20	-98.9627
0.525857	1	0	12	-124.276
0.530857	1	0	15	-131.617
0.532857	1	0	10	-122.393
0.535857	1	0	16	-120.06
0.538857	1	0	1	-114.561
0.541857	1	0	9	-107.4
0.543857	1	0	11	-113.835
0.544857	1	0	2	-107.153
0.547857	1	0	19	-124.765
0.569857	1	0	13	-107.923
0.574857	1	0	18	-91.2799
0.575857	1	0	6	-109.6
0.578857	1	0	8	-115.083
0.580857	1	0	17	-165.74
0.585857	1	0	4	-122.548
0.594857	1	0	7	-115.649
0.596857	1	0	3	-149.661
0.598857	1	0	5	-159.804
0.603857	1	0	14	-134.666
0.604857	1	0	20	-98.9826
0.605857	1	0	12	-124.724
0.610857	1	0	15	-133.555
0.612857	1	0	10	-119.77
0.615857	1	0	16	-90.1687
0.618857	1	0	1	-115.488
0.621857	1	0	9	-139.152
0.623857	1	0	11	-113.879
0.624857	1	0	2	-133.905
0.627857	1	0	19	-128.587
0.649857	1	0	13	-89.258
0.654857	1	0	18	-157.538
0.655857	1	0	6	-102.991
0.658857	1	0	8	-142.24
0.660857	1	0	17	-121.08
0.665857	1	0	4	-121.417
0.674857	1	0	7	-89.0119
0.676857	1	0	3	-121.122
0.678857	1	0	5	-101.287
0.683857	1	0	14	-134.489
0.684857	1	0	20	-123.328
0.685857	1	0	12	-103.743
0.690857	1	0	15	-149.102
0.692857	1	0	10	-105.686
0.695857	1	0	16	-89.7467
0.698857	1	0	1	-113.67
0.701857	1	0	9	-137.583
0.703857	1	0	11	-114.691
0.704857	1	0	2	-133.022
0.707857	1	0	19	-128.736
0.729857	1	0	13	-108.309
0.734857	1	0	18	-102.937
0.735857	1	0	6	-117.728
0.738857	1	0	8	-141.612
0.740857	1	0	17	-166.721
0.745857	1	0	4	-118.871
0.754857	1	0	7	-91.2062
0.756857	1	0	3	-106.281
0.758857	1	0	5	-127.595
0.763857	1	0	14	-155.269
0.764857	1	0	20	-122.051
0.765857	1	0	12	-130.283
0.770857	1	0	15	-149.487
0.772857	1	0	10	-121.919
0.775857	1	0	16	-165.476
0.778857	1	0	1	-101.566
0.781857	1	0	9	-99.2017
0.783857	1	0	11	-115.98
0.784857	1	0	2	-93.0235
0.787857	1	0	19	-119.554
0.809857	1	0	13	-107.188
0.814857	1	0	18	-101.767
0.815857	1	0	6	-119.588
0.818857	1	0	8	-145.11
0.820857	1	0	17	-122.012
0.825857	1	0	4	-103.831
0.834857	1	0	7	-119.145
0.836857	1	0	3	-109.592
0.838857	1	0	5	-126.157
0.843857	1	0	14	-134.145
0.844857	1	0	20	-100.837
0.845857	1	0	12	-119.054
0.850857	1	0	15	-127.682
0.852857	1	0	10	-123.198
0.855857	1	0	16	-124.571
0.858857	1	0	1	-156.143
0.861857	1	0	9	-161.476
0.863857	1	0	11	-162.06
0.864857	1	0	2	-131.497
0.867857	1	0	19	-117.119
0.889857	1	0	13	-103.568
0.894857	1	0	18	-102.479
0.895857	1	0	6	-147.579
0.898857	1	0	8	-104.169
0.900857	1	0	17	-119.96
0.905857	1	0	4	-101.913
0.914857	1	0	7	-121.385
0.916857	1	0	3	-112.231
0.918857	1	0	5	-126.521
0.923857	1	0	14	-132.649
0.924857	1	0	20	-102.795
0.925857	1	0	12	-118.27
0.930857	1	0	15	-127.42
0.932857	1	0	10	-118.867
0.935857	1	0	16	-126.405
0.938857	1	0	1	-157.303
0.941857	1	0	9	-123.36
0.943857	1	0	11	-164.029
0.944857	1	0	2	-90.9581
0.947857	1	0	19	-116.103
0.969857	1	0	13	-86.0585
0.974857	1	0	18	-85.6405
0.975857	1	0	6	-103.117
0.978857	1	0	8	-145.656
0.980857	1	0	17	-120.314
0.985857	1	0	4	-124.749
0.994857	1	0	7	-120.366
0.996857	1	0	3	-102.885
0.998857	1	0	5	-125.191
1.00386	1	0	14	-132.041
1.00486	1	0	20	-103.145
1.00586	1	0	12	-117.439
1.01086	1	0	15	-129.553
1.01286	1	0	10	-119.552
1.01586	1	0	16	-126.633
1.01886	1	0	1	-157.166
1.02186	1	0	9	-123.826
1.02386	1	0	11	-162.507
1.02486	1	0	2	-90.5278
1.02786	1	0	19	-101.854
1.04986	1	0	13	-103.23
1.05486	1	0	18	-104.824
1.05586	1	0	6	-148.832
1.05886	1	0	8	-133.704
1.06086	1	0	17	-109.946
1.06586	1	0	4	-92.8701
1.07486	1	0	7	-120.533
1.07686	1	0	3	-148.966
1.07886	1	0	5	-169.293
1.08386	1	0	14	-144.582
1.08486	1	0	20	-138.993
1.08586	1	0	12	-120.834
1.09086	1	0	15	-149.415
1.09286	1	0	10	-131.202
1.09586	1	0	16	-134.969
1.09886	1	0	1	-156.514
1.10186	1	0	9	-150.863
1.10386	1	0	11	-119.622
1.10486	1	0	2	-128.254
1.10786	1	0	19	-101.383
1.12986	1	0	13	-103.781
1.13486	1	0	18	-85.5161
1.13586	1	0	6	-94.5357
1.13886	1	0	8	-134.771
1.14086	1	0	17	-169.155
1.14586	1	0	4	-136.064
1.15486	1	0	7	-141.989
1.15686	1	0	3	-147.736
1.15886	1	0	5	-143.6
1.16386	1	0	14	-177.05
1.16486	1	0	20	-91.4669
1.16586	1	0	12	-122.535
1.17086	1	0	15	-137.833
1.17286	1	0	10	-105.562
1.17586	1	0	16	-120.453
1.17886	1	0	1	-157.148
1.18186	1	0	9	-125.59
1.18386	1	0	11	-147.093
1.18486	1	0	2	-136.494
1.18786	1	0	19	-149.325
1.20986	1	0	13	-87.187
1.21486	1	0	18	-85.8458
1.21586	1	0	6	-93.217
1.21886	1	0	8	-135.544
1.22086	1	0	17	-170.7
1.22586	1	0	4	-136.827
1.23486	1	0	7	-110.008
1.23686	1	0	3	-128.443
1.23886	1	0	5	-152.657
1.24386	1	0	14	-177.503
1.24486	1	0	20	-92.2261
1.24586	1	0	12	-123.166
1.25086	1	0	15	-123.456
1.25286	1	0	10	-125.635
1.25586	1	0	16	-164.37
1.25886	1	0	1	-118.435
1.26186	1	0	9	-132.412
1.26386	1	0	11	-170.387
1.26486	1	0	2	-106.098
1.26786	1	0	19	-127.466
1.28986	1	0	13	-104.303
1.29486	1	0	18	-86.746
1.29586	1	0	6	-151.368
1.29886	1	0	8	-177.12
1.30086	1	0	17	-102.479
1.30586	1	0	4	-135.453
1.31486	1	0	7	-113.491
1.31686	1	0	3	-128.842
1.31886	1	0	5	-151.955
1.32386	1	0	14	-176.925
1.32486	1	0	20	-92.9214
1.32586	1	0	12	-125.784
1.33086	1	0	15	-119.541
1.33286	1	0	10	-123.533
1.33586	1	0	16	-97.2418
1.33886	1	0	1	-118.612
1.34186	1	0	9	-110.121
1.34386	1	0	11	-127.961
1.34486	1	0	2	-138.385
1.34786	1	0	19	-134.495
1.36986	1	0	13	-105.936
1.37486	1	0	18	-89.1861
1.37586	1	0	6	-151.482
1.37886	1	0	8	-143.952
1.38086	1	0	17	-100.604
1.38586	1	0	4	-90.2835
1.39486	1	0	7	-114.627
1.39686	1	0	3	-133.125
1.39886	1	0	5	-151.687
1.40386	1	0	14	-127.573
1.40486	1	0	20	-122.19
1.40586	1	0	12	-163.051
1.41086	1	0	15	-145.673
1.41286	1	0	10	-117.022
1.41586	1	0	16	-96.243
1.41886	1	0	1	-118.658
1.42186	1	0	9	-108.997
1.42386	1	0	11	-127.756
1.42486	1	0	2	-138.827
1.42786	1	0	19	-135.625
1.44986	1	0	13	-106.213
1.45486	1	0	18	-87.3937
1.45586	1	0	6	-124.354
1.45886	1	0	8	-99.8603
1.46086	1	0	17	-121.522
1.46586	1	0	4	-134.104
1.47486	1	0	7	-99.9771
1.47686	1	0	3	-133.122
1.47886	1	0	5	-153.896
1.48386	1	0	14	-131.902
1.48486	1	0	20	-93.8545
1.48586	1	0	12	-125.694
1.49086	1	0	15	-152.448
1.49286	1	0	10	-123.301
1.49586	1	0	16	-95.3176
1.49886	1	0	1	-117.675
1.50186	1	0	9	-88.2338
1.50386	1	0	11	-127.053
1.50486	1	0	2	-106.025
1.50786	1	0	19	-114.9
1.52986	1	0	13	-105.826
1.53486	1	0	18	-88.2831
1.53586	1	0	6	-124.74
1.53886	1	0	8	-98.8032
1.54086	1	0	17	-103.413
1.54586	1	0	4	-132.906
1.55486	1	0	7	-110.673
1.55686	1	0	3	-105.261
1.55886	1	0	5	-154.726
1.56386	1	0	14	-146.031
1.56486	1	0	20	-154.434
1.56586	1	0	12	-152.733
1.57086	1	0	15	-125.444
1.57286	1	0	10	-121.026
1.57586	1	0	16	-151.969
1.57886	1	0	1	-156.901
1.58186	1	0	9	-135.39
1.58386	1	0	11	-127.374
1.58486	1	0	2	-154.446
1.58786	1	0	19	-134.562
1.60986	1	0	13	-87.2494
1.61486	1	0	18	-104.562
1.61586	1	0	6	-107.392
1.61886	1	0	8	-122.106
1.62086	1	0	17	-103.294
1.62586	1	0	4	-133.135
1.63486	1	0	7	-114.054
1.63686	1	0	3	-104.562
1.63886	1	0	5	-152.592
1.64386	1	0	14	-148.151
1.64486	1	0	20	-98.8777
1.64586	1	0	12	-112.504
1.65086	1	0	15	-125.564
1.65286	1	0	10	-118.609
1.65586	1	0	16	-96.928
1.65886	1	0	1	-139.747
1.66186	1	0	9	-113.052
1.66386	1	0	11	-177.556
1.66486	1	0	2	-96.8068
1.66786	1	0	19	-138.662
1.68986	1	0	13	-104.685
1.69486	1	0	18	-108.962
1.69586	1	0	6	-134.527
1.69886	1	0	8	-119.996
1.70086	1	0	17	-150.261
1.70586	1	0	4	-133.092
1.71486	1	0	7	-97.8267
1.71686	1	0	3	-141.888
1.71886	1	0	5	-154.436
1.72386	1	0	14	-143.278
1.72486	1	0	20	-96.6667
1.72586	1	0	12	-113.293
1.73086	1	0	15	-123.863
1.73286	1	0	10	-117.576
1.73586	1	0	16	-95.8451
1.73886	1	0	1	-140.331
1.74186	1	0	9	-115.455
1.74386	1	0	11	-177.781
1.74486	1	0	2	-97.7931
1.74786	1	0	19	-130.971
1.76986	1	0	13	-165.206
1.77486	1	0	18	-89.552
1.77586	1	0	6	-97.1488
1.77886	1	0	8	-138.774
1.78086	1	0	17	-117.481
1.78586	1	0	4	-90.4026
1.79486	1	0	7	-112.666
1.79686	1	0	3	-139.464
1.79886	1	0	5	-104.417
1.80386	1	0	14	-103.51
1.80486	1	0	20	-96.6212
1.80586	1	0	12	-154.476
1.81086	1	0	15	-98.0493
1.81286	1	0	10	-114.547
1.81586	1	0	16	-99.0311
1.81886	1	0	1	-103.545
1.82186	1	0	9	-102.18
1.82386	1	0	11	-135.842
1.82486	1	0	2	-115.64
1.82786	1	0	19	-132.262
1.84986	1	0	13	-166.714
1.85486	1	0	18	-109.336
1.85586	1	0	6	-96.8152
1.85886	1	0	8	-99.9268
1.86086	1	0	17	-116.368
1.86586	1	0	4	-90.7638
1.87486	1	0	7	-106.333
1.87686	1	0	3	-137.303
1.87886	1	0	5	-125.507
1.88386	1	0	14	-118.276
1.88486	1	0	20	-134.832
1.88586	1	0	12	-154.46
1.89086	1	0	15	-121.036
1.89286	1	0	10	-100.887
1.89586	1	0	16	-95.5173
1.89886	1	0	1	-164.721
1.90186	1	0	9	-101.1
1.90386	1	0	11	-105.564
1.90486	1	0	2	-115.901
1.90786	1	0	19	-114.781
1.92986	1	0	13	-110.036
1.93486	1	0	18	-112.329
1.93586	1	0	6	-95.1632
1.93886	1	0	8	-100.53
1.94086	1	0	17	-118.251
1.94586	1	0	4	-90.4622
1.95486	1	0	7	-105.848
1.95686	1	0	3	-114.173
1.95886	1	0	5	-127.726
1.96386	1	0	14	-138.833
1.96486	1	0	20	-135.016
1.96586	1	0	12	-131.407
1.97086	1	0	15	-126.242
1.97286	1	0	10	-147.167
1.97586	1	0	16	-117.764
1.97886	1	0	1	-167.457
1.98186	1	0	9	-140.198
1.98386	1	0	11	-127.976
1.98486	1	0	2	-150.625
1.98786	1	0	19	-115.205
2.00986	1	0	13	-108.024
2.01486	1	0	18	-116.868
2.01586	1	0	6	-140.948
2.01886	1	0	8	-118.741
2.02086	1	0	17	-149.13
2.02586	1	0	4	-128.926
2.03486	1	0	7	-107.205
2.03686	1	0	3	-113.788
2.03886	1	0	5	-126.208
2.04386	1	0	14	-138.93
2.04486	1	0	20	-135.271
2.04586	1	0	12	-129.196
2.05086	1	0	15	-126.566
2.05286	1	0	10	-145.85
2.05586	1	0	16	-117.369
2.05886	1	0	1	-125.392
2.06186	1	0	9	-140.377
2.06386	1	0	11	-128.18
2.06486	1	0	2	-113.942
2.06786	1	0	19	-130.484
2.08986	1	0	13	-110.263
2.09486	1	0	18	-119.848
2.09586	1	0	6	-112.661
2.09886	1	0	8	-103.936
2.10086	1	0	17	-128.675
2.10586	1	0	4	-91.8765
2.11486	1	0	7	-92.896
2.11686	1	0	3	-136.736
2.11886	1	0	5	-125.825
2.12386	1	0	14	-119.659
2.12486	1	0	20	-94.1938
2.12586	1	0	12	-127.596
2.13086	1	0	15	-162.111
2.13286	1	0	10	-124.398
2.13586	1	0	16	-117.279
2.13886	1	0	1	-124.667
2.14186	1	0	9	-139.102
2.14386	1	0	11	-128.7
2.14486	1	0	2	-115.081
2.14786	1	0	19	-136.323
2.16986	1	0	13	-92.2949
2.17486	1	0	18	-122.951
2.17586	1	0	6	-113.26
2.17886	1	0	8	-143.041
2.18086	1	0	17	-147.845
2.18586	1	0	4	-90.3408
2.19486	1	0	7	-107.893
2.19686	1	0	3	-100.362
2.19886	1	0	5	-146.213
2.20386	1	0	14	-120.935
2.20486	1	0	20	-132.913
2.20586	1	0	12	-176.723
2.21086	1	0	15	-165.305
2.21286	1	0	10	-106.222
2.21586	1	0	16	-103.3
2.21886	1	0	1	-165.554
2.22186	1	0	9	-138.277
2.22386	1	0	11	-126.445
2.22486	1	0	2	-151.515
2.22786	1	0	19	-132.097
2.24986	1	0	13	-92.3657
2.25486	1	0	18	-122.3
2.25586	1	0	6	-111.918
2.25886	1	0	8	-142.83
2.26086	1	0	17	-146.142
2.26586	1	0	4	-136.116
2.27486	1	0	7	-94.6123
2.27686	1	0	3	-143.931
2.27886	1	0	5	-125.235
2.28386	1	0	14	-119.896
2.28486	1	0	20	-141.347
2.28586	1	0	12	-176.446
2.29086	1	0	15	-163.644
2.29286	1	0	10	-108.583
2.29586	1	0	16	-92.8704
2.29886	1	0	1	-120.498
2.30186	1	0	9	-99.9146
2.30386	1	0	11	-152.374
2.30486	1	0	2	-112.883
2.30786	1	0	19	-114.998
2.32986	1	0	13	-111.623
2.33486	1	0	18	-121.698
2.33586	1	0	6	-137.721
2.33886	1	0	8	-143.955
2.34086	1	0	17	-146.121
2.34586	1	0	4	-136.724
2.35486	1	0	7	-95.4371
2.35686	1	0	3	-142.843
2.35886	1	0	5	-123.419
2.36386	1	0	14	-119.641
2.36486	1	0	20	-101.275
2.36586	1	0	12	-128.991
2.37086	1	0	15	-128.445
2.37286	1	0	10	-128.672
2.37586	1	0	16	-103.554
2.37886	1	0	1	-134.485
2.38186	1	0	9	-138.176
2.38386	1	0	11	-176.455
2.38486	1	0	2	-148.792
2.38786	1	0	19	-107.022
2.40986	1	0	13	-112.328
2.41486	1	0	18	-120.069
2.41586	1	0	6	-110.517
2.41886	1	0	8	-140.396
2.42086	1	0	17	-98.7278
2.42586	1	0	4	-90.091
2.43486	1	0	7	-96.571
2.43686	1	0	3	-143.461
2.43886	1	0	5	-132.522
2.44386	1	0	14	-120.528
2.44486	1	0	20	-102.342
2.44586	1	0	12	-130.242
2.45086	1	0	15	-128.631
2.45286	1	0	10	-127.984
2.45586	1	0	16	-102.326
2.45886	1	0	1	-133.598
2.46186	1	0	9	-137.041
2.46386	1	0	11	-174.523
2.46486	1	0	2	-151.828
2.46786	1	0	19	-134.078
2.48986	1	0	13	-95.7071
2.49486	1	0	18	-146.437
2.49586	1	0	6	-102.978
2.49886	1	0	8	-101.411
2.50086	1	0	17	-97.3353
2.50586	1	0	4	-89.0501
2.51486	1	0	7	-95.7141
2.51686	1	0	3	-127.963
2.51886	1	0	5	-127.917
2.52386	1	0	14	-107.668
2.52486	1	0	20	-96.4834
2.52586	1	0	12	-176.73
2.53086	1	0	15	-99.8643
2.53286	1	0	10	-101.358
2.53586	1	0	16	-118.62
2.53886	1	0	1	-160.249
2.54186	1	0	9	-97.7519
2.54386	1	0	11	-149.87
2.54486	1	0	2	-152.11
2.54786	1	0	19	-134.257
2.56986	1	0	13	-96.1988
2.57486	1	0	18	-97.5029
2.57586	1	0	6	-102.585
2.57886	1	0	8	-120.555
2.58086	1	0	17	-142.554
2.58586	1	0	4	-133.773
2.59486	1	0	7	-95.4826
2.59686	1	0	3	-128.608
2.59886	1	0	5	-127.171
2.60386	1	0	14	-119.007
2.60486	1	0	20	-153.987
2.60586	1	0	12	-177.479
2.61086	1	0	15	-167.155
2.61286	1	0	10	-152.849
2.61586	1	0	16	-117.449
2.61886	1	0	1	-115.519
2.62186	1	0	9	-120.866
2.62386	1	0	11	-116.878
2.62486	1	0	2	-154.665
2.62786	1	0	19	-134.781
2.64986	1	0	13	-113.46
2.65486	1	0	18	-98.3333
2.65586	1	0	6	-101.336
2.65886	1	0	8	-118.926
2.66086	1	0	17	-142.55
2.66586	1	0	4	-132.668
2.67486	1	0	7	-100.066
2.67686	1	0	3	-142.086
2.67886	1	0	5	-128.516
2.68386	1	0	14	-137.07
2.68486	1	0	20	-95.2201
2.68586	1	0	12	-174.167
2.69086	1	0	15	-138.264
2.69286	1	0	10	-147.957
2.69586	1	0	16	-97.4842
2.69886	1	0	1	-116.773
2.70186	1	0	9	-90.7383
2.70386	1	0	11	-160.3
2.70486	1	0	2	-132.901
2.70786	1	0	19	-118.806
2.72986	1	0	13	-114.246
2.73486	1	0	18	-99.243
2.73586	1	0	6	-123.122
2.73886	1	0	8	-170.646
2.74086	1	0	17	-95.8177
2.74586	1	0	4	-88.2984
2.75486	1	0	7	-101.306
2.75686	1	0	3	-142.142
2.75886	1	0	5	-127.857
2.76386	1	0	14	-137.191
2.76486	1	0	20	-98.0162
2.76586	1	0	12	-174.692
2.77086	1	0	15	-137.52
2.77286	1	0	10	-148.511
2.77586	1	0	16	-97.0137
2.77886	1	0	1	-116.687
2.78186	1	0	9	-89.4618
2.78386	1	0	11	-102.981
2.78486	1	0	2	-92.3977
2.78786	1	0	19	-136.807
2.80986	1	0	13	-114.5
2.81486	1	0	18	-119.406
2.81586	1	0	6	-150.712
2.81886	1	0	8	-139.831
2.82086	1	0	17	-124.743
2.82586	1	0	4	-90.8407
2.83486	1	0	7	-99.7886
2.83686	1	0	3	-101.14
2.83886	1	0	5	-138.254
2.84386	1	0	14	-118.192
2.84486	1	0	20	-97.9014
2.84586	1	0	12	-126.045
2.85086	1	0	15	-138.205
2.85286	1	0	10	-124.45
2.85586	1	0	16	-94.3324
2.85886	1	0	1	-118.077
2.86186	1	0	9	-88.5889
2.86386	1	0	11	-101.887
2.86486	1	0	2	-92.7589
2.86786	1	0	19	-136.662
2.88986	1	0	13	-94.6953
2.89486	1	0	18	-149.298
2.89586	1	0	6	-143.367
2.89886	1	0	8	-116.289
2.90086	1	0	17	-102.995
2.90586	1	0	4	-134.784
2.91486	1	0	7	-115.513
2.91686	1	0	3	-147.899
2.91886	1	0	5	-124.714
2.92386	1	0	14	-134.743
2.92486	1	0	20	-97.1357
2.92586	1	0	12	-106.481
2.93086	1	0	15	-137.687
2.93286	1	0	10	-145.713
2.93586	1	0	16	-116.73
2.93886	1	0	1	-116.793
2.94186	1	0	9	-87.4537
2.94386	1	0	11	-103.021
2.94486	1	0	2	-124.669
2.94786	1	0	19	-119.502
2.96986	1	0	13	-92.8344
2.97486	1	0	18	-146.552
2.97586	1	0	6	-144.571
2.97886	1	0	8	-116.898
2.98086	1	0	17	-149.023
2.98586	1	0	4	-88.8531
2.99486	1	0	7	-113.896
2.99686	1	0	3	-146.747
2.99886	1	0	5	-125.357
3.00386	1	0	14	-115.6
3.00486	1	0	20	-120.278
3.00586	1	0	12	-105.544
3.01086	1	0	15	-129.519
3.01286	1	0	10	-143.305
3.01586	1	0	16	-115.704
3.01886	1	0	1	-98.0601
3.02186	1	0	9	-86.5747
3.02386	1	0	11	-102.693
3.02486	1	0	2	-106.204
3.02786	1	0	19	-120.16
3.04986	1	0	13	-91.1473
3.05486	1	0	18	-94.2331
3.05586	1	0	6	-99.9036
3.05886	1	0	8	-163.464
3.06086	1	0	17	-147.745
3.06586	1	0	4	-89.5678
3.07486	1	0	7	-114.639
3.07686	1	0	3	-146.796
3.07886	1	0	5	-123.681
3.08386	1	0	14	-134.449
3.08486	1	0	20	-119.378
3.08586	1	0	12	-171.98
3.09086	1	0	15	-149.072
3.09286	1	0	10	-143.658
3.09586	1	0	16	-115.634
3.09886	1	0	1	-121.447
3.10186	1	0	9	-87.6103
3.10386	1	0	11	-156.428
3.10486	1	0	2	-107.366
3.10786	1	0	19	-118.976
3.11593	1	0	13	-93.8382
3.11693	1	0	13	-94.0222
3.11693	1	0	5	-139.404
3.11793	1	0	5	-139.343
3.11793	1	0	12	-171.415
3.11793	1	0	3	-100.432
3.11793	1	0	15	-149.645
3.11893	1	0	12	-171.465
3.11893	1	0	3	-100.512
3.11893	1	0	15	-149.882
3.11893	1	0	8	-101.102
3.11893	1	0	16	-114.72
3.11993	1	0	8	-101.117
3.11993	1	0	16	-114.667
3.11993	1	0	9	-87.0929
3.11993	1	0	1	-120.881
3.11993	1	0	11	-156.276
3.12093	1	0	9	-87.2719
3.12093	1	0	1	-120.881
3.12093	1	0	11	-156.095
3.12093	1	0	14	-135.074
3.12186	1	0	13	-93.4977
3.12193	1	0	14	-134.933
3.12193	1	0	6	-104.488
3.12293	1	0	6	-104.432
3.12293	1	0	15	-150.036
3.12293	1	0	12	-171.409
3.12386	1	0	3	-100.457
3.12393	1	0	15	-150.091
3.12393	1	0	12	-171.562
3.12393	1	0	2	-108.225
3.12393	1	0	17	-148.299
3.12486	1	0	8	-101.076
3.12493	1	0	12	-171.491
3.12493	1	0	2	-107.86
3.12493	1	0	17	-148.206
3.12493	1	0	11	-156.265
3.12571	1	0	11	-155.903
3.12579	1	0	1	-120.461
3.12586	1	0	9	-87.1698
3.12593	1	0	20	-120.83
3.12593	1	0	4	-88.4535
3.12593	1	0	11	-155.948
3.12686	1	0	14	-134.65
3.12693	1	0	20	-120.989
3.12693	1	0	4	-88.4652
3.12779	1	0	13	-93.812
3.12786	1	0	6	-104.173
3.12793	1	0	12	-171.316
3.12886	1	0	3	-100.54
3.12893	1	0	12	-171.17
3.12893	1	0	17	-149.118
3.12964	1	0	12	-171.14
3.12971	1	0	2	-108.122
3.12979	1	0	8	-100.9
3.12986	1	0	13	-93.8717
3.12993	1	0	17	-149.234
3.12993	1	0	11	-155.919
3.13079	1	0	1	-120.58
3.13086	1	0	11	-155.939
3.13093	1	0	6	-104.083
3.13093	1	0	2	-108.086
3.13093	1	0	11	-155.996
3.13164	1	0	4	-88.7349
3.13171	1	0	20	-121.445
3.13179	1	0	9	-86.7659
3.13186	1	0	14	-135.483
3.13279	1	0	6	-103.683
3.13286	1	0	13	-93.9122
3.13293	1	0	12	-171.358
3.13393	1	0	12	-171.721
3.1345	1	0	17	-149.448
3.13457	1	0	8	-100.887
3.13464	1	0	3	-100.789
3.13471	1	0	2	-107.584
3.13479	1	0	12	-171.921
3.13486	1	0	18	-93.3995
3.13564	1	0	2	-107.746
3.13571	1	0	11	-156.335
3.13579	1	0	1	-120.18
3.13586	1	0	6	-103.243
3.13657	1	0	11	-156.27
3.13664	1	0	6	-103.432
3.13671	1	0	4	-88.8746
3.13679	1	0	14	-135.104
3.13686	1	0	20	-121.28
3.13693	1	0	14	-135.109
3.13786	1	0	6	-103.54
3.13886	1	0	8	-100.888
3.13957	1	0	12	-171.546
3.13964	1	0	2	-107.4
3.13971	1	0	3	-100.805
3.13979	1	0	8	-100.866
3.13986	1	0	17	-149.747
3.14064	1	0	1	-119.654
3.14071	1	0	11	-156.89
3.14079	1	0	2	-107.353
3.14086	1	0	17	-149.734
3.14164	1	0	20	-121.121
3.14171	1	0	14	-135.082
3.14179	1	0	6	-103.914
3.14186	1	0	11	-156.813
3.14279	1	0	14	-135.139
3.14286	1	0	6	-103.994
3.14471	1	0	17	-150.202
3.14479	1	0	2	-107.162
3.14486	1	0	12	-171.92
3.14579	1	0	2	-107.172
3.14586	1	0	4	-89.047
3.14671	1	0	11	-156.861
3.14679	1	0	6	-103.987
3.14686	1	0	20	-121.591
3.14693	1	0	20	-121.605
3.14786	1	0	14	-135.532
3.14986	1	0	17	-150.185
3.15086	1	0	2	-106.916
3.15171	1	0	20	-121.245
3.15179	1	0	6	-103.912
3.15186	1	0	11	-157.048
3.15286	1	0	14	-135.741
3.15486	1	0	7	-115.564
3.15679	1	0	20	-120.773
3.15686	1	0	3	-101.196
3.15786	1	0	14	-135.736
3.15886	1	0	5	-139.342
3.16186	1	0	20	-120.515
3.16386	1	0	14	-135.82
3.16486	1	0	20	-120.445
3.16586	1	0	12	-172.767
3.16686	1	0	20	-120.51
3.17086	1	0	15	-150.404
3.17286	1	0	10	-142.496
3.17586	1	0	16	-115.195
3.17886	1	0	1	-120.131
3.18186	1	0	9	-87.4844
3.18386	1	0	11	-155.413
3.18486	1	0	2	-107.148
3.18786	1	0	19	-106.206
3.20986	1	0	13	-93.9209
3.21486	1	0	18	-93.241
3.21586	1	0	6	-104.617
3.21793	1	0	5	-99.5959
3.21886	1	0	8	-99.4004
3.21993	1	0	16	-91.0042
3.22086	1	0	17	-103.634
3.22286	1	0	5	-99.436
3.22393	1	0	15	-149.35
3.22486	1	0	16	-90.8699
3.22586	1	0	4	-134.111
3.22786	1	0	5	-99.6252
3.22886	1	0	15	-148.53
3.23386	1	0	15	-148.444
3.23486	1	0	7	-92.5304
3.23686	1	0	3	-99.1073
3.23879	1	0	15	-148.213
3.23886	1	0	5	-99.1023
3.24379	1	0	15	-148.739
3.24386	1	0	14	-104.367
3.24486	1	0	20	-120.189
3.24586	1	0	12	-128.95
3.24793	1	0	13	-92.1793
3.24893	1	0	13	-91.9225
3.25086	1	0	15	-148.203
3.25093	1	0	16	-91.2058
3.25193	1	0	16	-91.1373
3.25193	1	0	9	-123.903
3.25286	1	0	10	-149.731
3.25293	1	0	9	-123.785
3.25393	1	0	5	-99.68
3.25493	1	0	5	-99.6515
3.25493	1	0	3	-99.2796
3.25493	1	0	8	-98.9796
3.25586	1	0	16	-91.3824
3.25593	1	0	3	-99.2109
3.25593	1	0	8	-98.9509
3.25693	1	0	9	-123.86
3.25793	1	0	9	-123.727
3.25793	1	0	4	-133.32
3.25886	1	0	1	-122.191
3.25893	1	0	4	-133.32
3.26186	1	0	9	-123.533
3.26293	1	0	4	-133.5
3.26386	1	0	11	-141.674
3.26393	1	0	4	-133.434
3.26486	1	0	2	-126.41
3.26786	1	0	19	-107.663
3.26793	1	0	4	-133.227
3.26893	1	0	4	-133.214
3.26893	1	0	6	-106.201
3.26993	1	0	6	-106.216
3.26993	1	0	2	-126.145
3.27093	1	0	2	-126.185
3.27493	1	0	2	-126.546
3.27593	1	0	2	-126.583
3.27993	1	0	2	-126.671
3.28093	1	0	2	-126.467
3.28986	1	0	13	-91.5057
3.29486	1	0	18	-145.59
3.29586	1	0	6	-144.114
3.29886	1	0	8	-116.615
3.30086	1	0	17	-104.904
3.30586	1	0	4	-96.0883
3.31486	1	0	7	-106.821
3.31686	1	0	3	-99.3055
3.31886	1	0	5	-124.601
3.32386	1	0	14	-119.59
3.32486	1	0	20	-120.426
3.32586	1	0	12	-122.955
3.33086	1	0	15	-126.806
3.33286	1	0	10	-130.45
3.33586	1	0	16	-113.822
3.33886	1	0	1	-122.523
3.34186	1	0	9	-86.7117
3.34386	1	0	11	-143.31
3.34486	1	0	2	-118.021
3.34786	1	0	19	-130.557
3.36986	1	0	13	-90.8437
3.37486	1	0	18	-145.674
3.37586	1	0	6	-142.359
3.37886	1	0	8	-118.195
3.38086	1	0	17	-103.414
3.38586	1	0	4	-96.1902
3.39486	1	0	7	-132.194
3.39686	1	0	3	-142.417
3.39886	1	0	5	-146.821
3.40386	1	0	14	-102.097
3.40486	1	0	20	-97.4672
3.40586	1	0	12	-123.196
3.41086	1	0	15	-145.367
3.41286	1	0	10	-128.327
3.41586	1	0	16	-100.687
3.41886	1	0	1	-122.43
3.42186	1	0	9	-87.7083
3.42386	1	0	11	-122.536
3.42486	1	0	2	-118.649
3.42786	1	0	19	-180.415
3.44986	1	0	13	-111.515
3.45486	1	0	18	-99.0871
3.45586	1	0	6	-90.4379
3.45886	1	0	8	-116.72
3.46086	1	0	17	-101.127
3.46586	1	0	4	-95.5456
3.47486	1	0	7	-135.299
3.47686	1	0	3	-143.917
3.47886	1	0	5	-146.631
3.48386	1	0	14	-102.861
3.48486	1	0	20	-96.2647
3.48586	1	0	12	-121.953
3.49086	1	0	15	-141.898
3.49286	1	0	10	-129.38
3.49586	1	0	16	-104.209
3.49886	1	0	1	-129.191
3.50186	1	0	9	-124.893
3.50386	1	0	11	-122.799
3.50486	1	0	2	-97.5835
3.50786	1	0	19	-179.221
3.52986	1	0	13	-141.027
3.53486	1	0	18	-120.597
3.53586	1	0	6	-90.9841
3.53886	1	0	8	-165.644
3.54086	1	0	17	-101.293
3.54586	1	0	4	-139.882
3.55486	1	0	7	-135.503
3.55686	1	0	3	-153.929
3.55886	1	0	5	-144.708
3.56386	1	0	14	-142.527
3.56486	1	0	20	-120.999
3.56586	1	0	12	-125.006
3.57086	1	0	15	-124.86
3.57286	1	0	10	-150.944
3.57586	1	0	16	-104.629
3.57886	1	0	1	-128.396
3.58186	1	0	9	-124.902
3.58386	1	0	11	-121.424
3.58486	1	0	2	-97.3078
3.58786	1	0	19	-177.511
3.60986	1	0	13	-99.3587
3.61486	1	0	18	-118.245
3.61586	1	0	6	-90.7322
3.61886	1	0	8	-125.069
3.62086	1	0	17	-154.175
3.62586	1	0	4	-99.2254
3.63486	1	0	7	-109.911
3.63686	1	0	3	-148.927
3.63886	1	0	5	-145.202
3.64386	1	0	14	-139.464
3.64486	1	0	20	-98.4535
3.64586	1	0	12	-148.12
3.65086	1	0	15	-141.793
3.65286	1	0	10	-151.876
3.65586	1	0	16	-82.8693
3.65886	1	0	1	-162.956
3.66186	1	0	9	-124.284
3.66386	1	0	11	-142.107
3.66486	1	0	2	-97.5552
3.66786	1	0	19	-152.151
3.68986	1	0	13	-103.036
3.69486	1	0	18	-120.131
3.69586	1	0	6	-90.7817
3.69886	1	0	8	-125.125
3.70086	1	0	17	-154.921
3.70586	1	0	4	-138.345
3.71486	1	0	7	-109.73
3.71686	1	0	3	-107.555
3.71886	1	0	5	-146.64
3.72386	1	0	14	-119.112
3.72486	1	0	20	-121.61
3.72586	1	0	12	-101.151
3.73086	1	0	15	-124.155
3.73286	1	0	10	-151.415
3.73586	1	0	16	-108.522
3.73886	1	0	1	-100.607
3.74186	1	0	9	-125.199
3.74386	1	0	11	-121.602
3.74486	1	0	2	-171.568
3.74786	1	0	19	-118.398
3.76986	1	0	13	-133.887
3.77486	1	0	18	-120.37
3.77586	1	0	6	-100.837
3.77886	1	0	8	-163.247
3.78086	1	0	17	-157.691
3.78586	1	0	4	-139.417
3.79486	1	0	7	-111.343
3.79686	1	0	3	-105.899
3.79886	1	0	5	-146.943
3.80386	1	0	14	-122.276
3.80486	1	0	20	-96.3735
3.80586	1	0	12	-126.228
3.81086	1	0	15	-98.4667
3.81286	1	0	10	-125.651
3.81586	1	0	16	-108.798
3.81886	1	0	1	-101.218
3.82186	1	0	9	-86.4597
3.82386	1	0	11	-104.253
3.82486	1	0	2	-174.931
3.82786	1	0	19	-111.41
3.84986	1	0	13	-90.3687
3.85486	1	0	18	-132.379
3.85586	1	0	6	-100.508
3.85886	1	0	8	-163.489
3.86086	1	0	17	-158.185
3.86586	1	0	4	-139.963
3.87486	1	0	7	-136.042
3.87686	1	0	3	-119.194
3.87886	1	0	5	-147.817
3.88386	1	0	14	-123.572
3.88486	1	0	20	-95.7792
3.88586	1	0	12	-125.725
3.89086	1	0	15	-97.5349
3.89286	1	0	10	-127.398
3.89586	1	0	16	-107.023
3.89886	1	0	1	-101.258
3.90186	1	0	9	-87.2018
3.90386	1	0	11	-103.416
3.90486	1	0	2	-171.86
3.90786	1	0	19	-155.21
3.92986	1	0	13	-140.01
3.93486	1	0	18	-96.5511
3.93586	1	0	6	-100.706
3.93886	1	0	8	-124.409
3.94086	1	0	17	-101.723
3.94586	1	0	4	-94.5286
3.95486	1	0	7	-109.815
3.95686	1	0	3	-118.608
3.95886	1	0	5	-142.272
3.96386	1	0	14	-121.717
3.96486	1	0	20	-162.107
3.96586	1	0	12	-145.612
3.97086	1	0	15	-151.609
3.97286	1	0	10	-128.068
3.97586	1	0	16	-108.213
3.97886	1	0	1	-123.845
3.98186	1	0	9	-85.4149
3.98386	1	0	11	-140.131
3.98486	1	0	2	-173.505
3.98786	1	0	19	-157.13
4.00986	1	0	13	-140.944
4.01486	1	0	18	-95.3935
4.01586	1	0	6	-100.989
4.01886	1	0	8	-125.536
4.02086	1	0	17	-116.453
4.02586	1	0	4	-94.1551
4.03486	1	0	7	-137.72
4.03686	1	0	3	-119.287
4.03886	1	0	5	-143.401
4.04386	1	0	14	-131.239
4.04486	1	0	20	-114.266
4.04586	1	0	12	-145.815
4.05086	1	0	15	-150.746
4.05286	1	0	10	-160.282
4.05586	1	0	16	-109.279
4.05886	1	0	1	-106.644
4.06186	1	0	9	-87.5157
4.06386	1	0	11	-120.114
4.06486	1	0	2	-136.589
4.06786	1	0	19	-118.962
4.08986	1	0	13	-115.43
4.09486	1	0	18	-95.9327
4.09586	1	0	6	-100.374
4.09886	1	0	8	-123.311
4.10086	1	0	17	-117.9
4.10586	1	0	4	-92.698
4.11486	1	0	7	-138.351
4.11686	1	0	3	-97.8323
4.11886	1	0	5	-122.64
4.12386	1	0	14	-137.807
4.12486	1	0	20	-96.7818
4.12586	1	0	12	-101.007
4.13086	1	0	15	-150.221
4.13286	1	0	10	-102.54
4.13586	1	0	16	-87.756
4.13886	1	0	1	-105.79
4.14186	1	0	9	-88.0749
4.14386	1	0	11	-117.832
4.14486	1	0	2	-136.239
4.14786	1	0	19	-103.217
4.16986	1	0	13	-95.1946
4.17486	1	0	18	-131.23
4.17586	1	0	6	-154.933
4.17886	1	0	8	-166.749
4.18086	1	0	17	-117.653
4.18586	1	0	4	-150.324
4.19486	1	0	7	-140.665
4.19686	1	0	3	-98.1261
4.19886	1	0	5	-121.846
4.20386	1	0	14	-138.92
4.20486	1	0	20	-93.1385
4.20586	1	0	12	-101.153
4.21086	1	0	15	-149.839
4.21286	1	0	10	-101.518
4.21586	1	0	16	-88.1989
4.21886	1	0	1	-105.889
4.22186	1	0	9	-126.006
4.22386	1	0	11	-106.532
4.22486	1	0	2	-135.852
4.22786	1	0	19	-132.595
4.24986	1	0	13	-135.211
4.25486	1	0	18	-129.804
4.25586	1	0	6	-117.086
4.25886	1	0	8	-166.352
4.26086	1	0	17	-157.3
4.26586	1	0	4	-133.539
4.27486	1	0	7	-119.102
4.27686	1	0	3	-150.205
4.27886	1	0	5	-139.178
4.28386	1	0	14	-122.079
4.28486	1	0	20	-112.024
4.28586	1	0	12	-100.241
4.29086	1	0	15	-122.182
4.29286	1	0	10	-173.163
4.29586	1	0	16	-88.8988
4.29886	1	0	1	-102.904
4.30186	1	0	9	-126.407
4.30386	1	0	11	-106.23
4.30486	1	0	2	-135.836
4.30786	1	0	19	-131.342
4.32986	1	0	13	-94.9988
4.33486	1	0	18	-86.5176
4.33586	1	0	6	-153.38
4.33886	1	0	8	-165.662
4.34086	1	0	17	-103.777
4.34586	1	0	4	-137.588
4.35486	1	0	7	-118.82
4.35686	1	0	3	-150.116
4.35886	1	0	5	-116.595
4.36386	1	0	14	-122.689
4.36486	1	0	20	-103.745
4.36586	1	0	12	-122.146
4.37086	1	0	15	-147.992
4.37286	1	0	10	-138.136
4.37586	1	0	16	-88.6633
4.37886	1	0	1	-139.185
4.38186	1	0	9	-89.3364
4.38386	1	0	11	-106.414
4.38486	1	0	2	-129.476
4.38786	1	0	19	-131.625
4.40986	1	0	13	-95.7636
4.41486	1	0	18	-87.8191
4.41586	1	0	6	-153.298
4.41886	1	0	8	-164.64
4.42086	1	0	17	-115.046
4.42586	1	0	4	-109.33
4.43486	1	0	7	-102.558
4.43686	1	0	3	-145.714
4.43886	1	0	5	-116.658
4.44386	1	0	14	-141.377
4.44486	1	0	20	-111.605
4.44586	1	0	12	-146.917
4.45086	1	0	15	-109.2
4.45286	1	0	10	-174.956
4.45586	1	0	16	-150.499
4.45886	1	0	1	-143.099
4.46186	1	0	9	-88.932
4.46386	1	0	11	-132.924
4.46486	1	0	2	-108.558
4.46786	1	0	19	-98.898
4.48986	1	0	13	-134.292
4.49486	1	0	18	-88.017
4.49586	1	0	6	-115.739
4.49886	1	0	8	-126.636
4.50086	1	0	17	-115.496
4.50586	1	0	4	-110.702
4.51486	1	0	7	-101.741
4.51686	1	0	3	-145.518
4.51886	1	0	5	-115.48
4.52386	1	0	14	-122.466
4.52486	1	0	20	-95.4217
4.52586	1	0	12	-122.494
4.53086	1	0	15	-139.86
4.53286	1	0	10	-175.045
4.53586	1	0	16	-92.9189
4.53886	1	0	1	-98.7237
4.54186	1	0	9	-127.741
4.54386	1	0	11	-121.352
4.54486	1	0	2	-169.528
4.54786	1	0	19	-123.305
4.56986	1	0	13	-95.2866
4.57486	1	0	18	-110.358
4.57586	1	0	6	-153.164
4.57886	1	0	8	-166.02
4.58086	1	0	17	-116.175
4.58586	1	0	4	-93.1802
4.59486	1	0	7	-119.555
4.59686	1	0	3	-147.125
4.59886	1	0	5	-136.64
4.60386	1	0	14	-123.472
4.60486	1	0	20	-96.3976
4.60586	1	0	12	-123.426
4.61086	1	0	15	-140.736
4.61286	1	0	10	-176.003
4.61586	1	0	16	-93.2583
4.61886	1	0	1	-98.9356
4.62186	1	0	9	-128.714
4.62386	1	0	11	-123.419
4.62486	1	0	2	-169.589
4.62786	1	0	19	-146.139
4.64986	1	0	13	-97.7714
4.65486	1	0	18	-108.74
4.65586	1	0	6	-87.6346
4.65886	1	0	8	-165.897
4.66086	1	0	17	-123.178
4.66586	1	0	4	-91.738
4.67486	1	0	7	-143.999
4.67686	1	0	3	-145.548
4.67886	1	0	5	-118.882
4.68386	1	0	14	-121.657
4.68486	1	0	20	-96.07
4.68586	1	0	12	-112.895
4.69086	1	0	15	-100.35
4.69286	1	0	10	-174.177
4.69586	1	0	16	-94.631
4.69886	1	0	1	-118.924
4.70186	1	0	9	-127.381
4.70386	1	0	11	-105.06
4.70486	1	0	2	-109.598
4.70786	1	0	19	-144.143
4.72986	1	0	13	-98.7601
4.73486	1	0	18	-106.883
4.73586	1	0	6	-87.7861
4.73886	1	0	8	-126.639
4.74086	1	0	17	-118.115
4.74586	1	0	4	-109.991
4.75486	1	0	7	-141.426
4.75686	1	0	3	-113.717
4.75886	1	0	5	-118.757
4.76386	1	0	14	-139.602
4.76486	1	0	20	-93.7827
4.76586	1	0	12	-136.51
4.77086	1	0	15	-123.806
4.77286	1	0	10	-106.344
4.77586	1	0	16	-93.3086
4.77886	1	0	1	-119.554
4.78186	1	0	9	-89.5586
4.78386	1	0	11	-143.158
4.78486	1	0	2	-109.774
4.78786	1	0	19	-141.99
4.80986	1	0	13	-139.336
4.81486	1	0	18	-106.479
4.81586	1	0	6	-87.1371
4.81886	1	0	8	-126.853
4.82086	1	0	17	-119.025
4.82586	1	0	4	-111.944
4.83486	1	0	7	-140.285
4.83686	1	0	3	-134.743
4.83886	1	0	5	-115.321
4.84386	1	0	14	-122.804
4.84486	1	0	20	-110.406
4.84586	1	0	12	-110.909
4.85086	1	0	15	-142.181
4.85286	1	0	10	-119.1
4.85586	1	0	16	-93.8086
4.85886	1	0	1	-176.09
4.86186	1	0	9	-128.404
4.86386	1	0	11	-142.608
4.86486	1	0	2	-166.186
4.86786	1	0	19	-143.475
4.88986	1	0	13	-89.7874
4.89486	1	0	18	-84.5464
4.89586	1	0	6	-86.7845
4.89886	1	0	8	-135.281
4.90086	1	0	17	-99.5071
4.90586	1	0	4	-97.1265
4.91486	1	0	7	-140.439
4.91686	1	0	3	-135.781
4.91886	1	0	5	-113.74
4.92386	1	0	14	-123.588
4.92486	1	0	20	-109.307
4.92586	1	0	12	-110.907
4.93086	1	0	15	-144.858
4.93286	1	0	10	-119.418
4.93586	1	0	16	-94.4238
4.93886	1	0	1	-174.266
4.94186	1	0	9	-90.6462
4.94386	1	0	11	-143.74
4.94486	1	0	2	-165.06
4.94786	1	0	19	-144.906
4.96986	1	0	13	-89.9487
4.97486	1	0	18	-81.9711
4.97586	1	0	6	-85.8928
4.97886	1	0	8	-102.551
4.98086	1	0	17	-119.412
4.98586	1	0	4	-96.7193
4.99486	1	0	7	-140.682
4.99686	1	0	3	-136.7
4.99886	1	0	5	-141.639
