time(s)	cellId	rnti	lcid	packetSize
0.11039	1	21	3	58
0.110509	1	26	3	58
0.110633	1	27	3	58
0.110745	1	10	3	58
0.111876	1	5	3	58
0.112103	1	3	3	58
0.112665	1	12	3	58
0.11275	1	23	3	58
0.113152	1	24	3	58
0.113487	1	8	3	58
0.113632	1	7	3	58
0.114021	1	9	3	58
0.114469	1	1	3	58
0.114764	1	11	3	58
0.115674	1	22	3	58
0.116806	1	6	3	58
0.118062	1	2	3	58
0.118917	1	25	3	58
0.119011	1	28	3	58
0.119793	1	4	3	58
0.141886	1	27	3	54
0.141887	1	27	3	590
0.141887	1	27	3	590
0.141888	1	27	3	590
0.141888	1	27	3	590
0.141889	1	27	3	590
0.141889	1	27	3	590
0.14189	1	27	3	590
0.14189	1	27	3	590
0.141891	1	27	3	590
0.141891	1	27	3	590
0.144957	1	7	3	54
0.144958	1	7	3	590
0.144959	1	7	3	590
0.144959	1	7	3	590
0.14496	1	7	3	590
0.14496	1	7	3	590
0.144961	1	7	3	590
0.144961	1	7	3	590
0.144962	1	7	3	590
0.144962	1	7	3	590
0.144963	1	7	3	590
0.156886	1	26	3	54
0.156887	1	26	3	590
0.156887	1	26	3	590
0.156888	1	26	3	590
0.156888	1	26	3	590
0.156889	1	26	3	590
0.156889	1	26	3	590
0.15689	1	26	3	590
0.15689	1	26	3	590
0.156891	1	26	3	590
0.156891	1	26	3	590
0.156957	1	10	3	54
0.156958	1	10	3	590
0.156959	1	10	3	590
0.156959	1	10	3	590
0.15696	1	10	3	590
0.15696	1	10	3	590
0.156961	1	10	3	590
0.156961	1	10	3	590
0.156962	1	10	3	590
0.156962	1	10	3	590
0.156963	1	10	3	590
0.17603	1	7	3	590
0.17603	1	7	3	590
0.176031	1	7	3	590
0.176031	1	7	3	590
0.176032	1	7	3	590
0.176032	1	7	3	590
0.176033	1	7	3	590
0.176033	1	7	3	590
0.176034	1	7	3	590
0.176034	1	7	3	590
0.176035	1	7	3	590
0.176035	1	7	3	590
0.176036	1	7	3	590
0.176036	1	7	3	590
0.176037	1	7	3	590
0.176037	1	7	3	590
0.176038	1	7	3	590
0.176038	1	7	3	590
0.17803	1	27	3	590
0.17803	1	27	3	590
0.178031	1	27	3	590
0.178031	1	27	3	590
0.178032	1	27	3	590
0.178032	1	27	3	590
0.178033	1	27	3	590
0.178033	1	27	3	590
0.178034	1	27	3	590
0.178034	1	27	3	590
0.178035	1	27	3	590
0.178035	1	27	3	590
0.178036	1	27	3	590
0.178036	1	27	3	590
0.178037	1	27	3	590
0.178037	1	27	3	590
0.178038	1	27	3	590
0.178038	1	27	3	590
0.202958	1	10	3	590
0.202959	1	10	3	590
0.20303	1	26	3	590
0.20303	1	26	3	590
0.20803	1	7	3	590
0.20803	1	7	3	590
0.208031	1	7	3	590
0.208031	1	7	3	590
0.208032	1	7	3	590
0.208032	1	7	3	590
0.208033	1	7	3	590
0.208033	1	7	3	590
0.208034	1	7	3	590
0.208034	1	7	3	590
0.208035	1	7	3	590
0.208035	1	7	3	590
0.208036	1	7	3	590
0.208036	1	7	3	590
0.208037	1	7	3	590
0.208037	1	7	3	590
0.208038	1	7	3	590
0.208038	1	7	3	590
0.208039	1	7	3	590
0.208039	1	7	3	590
0.20804	1	7	3	590
0.20804	1	7	3	590
0.208041	1	7	3	590
0.208041	1	7	3	590
0.208042	1	7	3	590
0.208042	1	7	3	590
0.208043	1	7	3	590
0.208043	1	7	3	590
0.208044	1	7	3	590
0.208044	1	7	3	590
0.208045	1	7	3	590
0.208045	1	7	3	590
0.208046	1	7	3	590
0.208046	1	7	3	590
0.208047	1	7	3	590
0.208047	1	7	3	590
0.214958	1	27	3	590
0.214959	1	27	3	590
0.214959	1	27	3	590
0.21496	1	27	3	590
0.21496	1	27	3	590
0.214961	1	27	3	590
0.214961	1	27	3	590
0.214962	1	27	3	590
0.214962	1	27	3	590
0.214963	1	27	3	590
0.214963	1	27	3	590
0.214964	1	27	3	590
0.214964	1	27	3	590
0.214965	1	27	3	590
0.214965	1	27	3	590
0.214966	1	27	3	590
0.214966	1	27	3	590
0.214967	1	27	3	590
0.214967	1	27	3	590
0.214968	1	27	3	590
0.214968	1	27	3	590
0.214969	1	27	3	590
0.214969	1	27	3	590
0.21497	1	27	3	590
0.21497	1	27	3	590
0.214971	1	27	3	590
0.214971	1	27	3	590
0.214972	1	27	3	590
0.218958	1	26	3	590
0.218959	1	26	3	590
0.218959	1	26	3	590
0.21896	1	26	3	590
0.21896	1	26	3	590
0.218961	1	26	3	590
0.218961	1	26	3	590
0.218962	1	26	3	590
0.218962	1	26	3	590
0.218963	1	26	3	590
0.218963	1	26	3	590
0.218964	1	26	3	590
0.218964	1	26	3	590
0.218965	1	26	3	590
0.218965	1	26	3	590
0.218966	1	26	3	590
0.22003	1	27	3	590
0.22003	1	27	3	590
0.220031	1	27	3	590
0.220031	1	27	3	590
0.220032	1	27	3	590
0.220032	1	27	3	590
0.220033	1	27	3	590
0.220033	1	27	3	590
0.22303	1	10	3	590
0.22303	1	10	3	590
0.223031	1	10	3	590
0.223031	1	10	3	590
0.223032	1	10	3	590
0.223032	1	10	3	590
0.223033	1	10	3	590
0.223033	1	10	3	590
0.223034	1	10	3	590
0.223034	1	10	3	590
0.223035	1	10	3	590
0.223035	1	10	3	590
0.223036	1	10	3	590
0.223036	1	10	3	590
0.223037	1	10	3	590
0.223037	1	10	3	590
0.23503	1	26	3	590
0.23503	1	26	3	590
0.235031	1	26	3	590
0.235031	1	26	3	590
0.249958	1	26	3	590
0.249959	1	26	3	590
0.249959	1	26	3	590
0.24996	1	26	3	590
0.24996	1	26	3	590
0.249961	1	26	3	590
0.249961	1	26	3	590
0.249962	1	26	3	590
0.249962	1	26	3	590
0.249963	1	26	3	590
0.249963	1	26	3	590
0.249964	1	26	3	590
0.254958	1	26	3	590
0.254959	1	26	3	590
0.254959	1	26	3	590
0.25496	1	26	3	590
0.25496	1	26	3	590
0.254961	1	26	3	590
0.254961	1	26	3	590
0.254962	1	26	3	590
0.254962	1	26	3	590
0.254963	1	26	3	590
0.254963	1	26	3	590
0.254964	1	26	3	590
0.254964	1	26	3	590
0.254965	1	26	3	590
0.254965	1	26	3	590
0.254966	1	26	3	590
0.254966	1	26	3	590
0.254967	1	26	3	590
0.254967	1	26	3	590
0.254968	1	26	3	590
0.26703	1	26	3	590
0.26703	1	26	3	590
0.267031	1	26	3	590
0.267031	1	26	3	590
0.267032	1	26	3	590
0.267032	1	26	3	590
0.267033	1	26	3	590
0.267033	1	26	3	590
0.285958	1	26	3	590
0.285959	1	26	3	590
0.285959	1	26	3	590
0.28596	1	26	3	590
0.28596	1	26	3	590
0.285961	1	26	3	590
0.285961	1	26	3	590
0.285962	1	26	3	590
0.285962	1	26	3	590
0.285963	1	26	3	590
0.285963	1	26	3	590
0.285964	1	26	3	590
0.29103	1	26	3	590
0.29103	1	26	3	590
0.291031	1	26	3	590
0.291031	1	26	3	590
0.291032	1	26	3	590
0.291032	1	26	3	590
0.291033	1	26	3	590
0.291033	1	26	3	590
0.291034	1	26	3	590
0.291034	1	26	3	590
0.291035	1	26	3	590
0.291035	1	26	3	590
0.291036	1	26	3	590
0.291036	1	26	3	590
0.291037	1	26	3	590
0.291037	1	26	3	590
0.291038	1	26	3	590
0.291038	1	26	3	590
0.291039	1	26	3	590
0.291039	1	26	3	590
0.29104	1	26	3	590
0.29104	1	26	3	590
0.291041	1	26	3	590
0.291041	1	26	3	590
0.291042	1	26	3	590
0.291042	1	26	3	590
0.291043	1	26	3	590
0.291043	1	26	3	590
0.291044	1	26	3	590
0.291044	1	26	3	590
0.291045	1	26	3	590
0.291045	1	26	3	590
0.291046	1	26	3	590
0.291046	1	26	3	590
0.291047	1	26	3	590
0.291047	1	26	3	590
0.291048	1	26	3	590
0.291048	1	26	3	590
0.291049	1	26	3	590
0.291049	1	26	3	590
0.29105	1	26	3	590
0.29105	1	26	3	590
0.291051	1	26	3	590
0.291051	1	26	3	590
0.291052	1	26	3	590
0.291052	1	26	3	590
0.291053	1	26	3	590
0.291053	1	26	3	590
0.298958	1	26	3	590
0.298959	1	26	3	590
0.303958	1	26	3	590
0.303959	1	26	3	590
0.303959	1	26	3	590
0.30396	1	26	3	590
0.31703	1	26	3	590
0.32303	1	26	3	590
0.32303	1	26	3	590
0.323031	1	26	3	590
0.323031	1	26	3	590
0.323032	1	26	3	590
0.323032	1	26	3	590
0.323033	1	26	3	590
0.323033	1	26	3	590
0.323034	1	26	3	590
0.32903	1	26	3	590
0.32903	1	26	3	590
0.329031	1	26	3	590
0.329031	1	26	3	590
0.329032	1	26	3	590
0.329032	1	26	3	590
0.329033	1	26	3	590
0.329033	1	26	3	590
0.329034	1	26	3	590
0.329034	1	26	3	590
0.33503	1	26	3	590
0.33503	1	26	3	590
0.335031	1	26	3	590
0.34603	1	26	3	590
0.34903	1	26	3	590
0.35203	1	26	3	590
0.35203	1	26	3	590
0.352031	1	26	3	590
0.355958	1	26	3	590
0.355959	1	26	3	590
0.355959	1	26	3	590
0.35803	1	26	3	590
0.35803	1	26	3	590
0.358031	1	26	3	590
0.358031	1	26	3	590
0.358032	1	26	3	590
0.358032	1	26	3	590
0.358033	1	26	3	590
0.360958	1	26	3	590
0.360959	1	26	3	590
0.360959	1	26	3	590
0.36096	1	26	3	590
0.36096	1	26	3	590
0.360961	1	26	3	590
0.36403	1	26	3	590
0.36403	1	26	3	590
0.364031	1	26	3	590
0.36703	1	27	3	590
0.36703	1	27	3	590
0.367031	1	27	3	590
0.367031	1	27	3	590
0.367032	1	27	3	590
0.367032	1	27	3	590
0.377958	1	26	3	590
0.377959	1	26	3	590
0.377959	1	26	3	590
0.37796	1	26	3	590
0.37796	1	26	3	590
0.377961	1	26	3	590
0.377961	1	26	3	590
0.377962	1	26	3	590
0.377962	1	26	3	590
0.377963	1	26	3	590
0.377963	1	26	3	590
0.377964	1	26	3	590
0.377964	1	26	3	590
0.377965	1	26	3	590
0.377965	1	26	3	590
0.377966	1	26	3	590
0.377966	1	26	3	590
0.37803	1	27	3	590
0.37803	1	27	3	590
0.383958	1	26	3	590
0.383959	1	26	3	590
0.383959	1	26	3	590
0.38396	1	26	3	590
0.38903	1	26	3	590
0.38903	1	26	3	590
0.389031	1	26	3	590
0.389031	1	26	3	590
0.40003	1	26	3	590
0.40003	1	26	3	590
0.400031	1	26	3	590
0.400031	1	26	3	590
0.400032	1	26	3	590
0.400032	1	26	3	590
0.400033	1	26	3	590
0.400033	1	26	3	590
0.400034	1	26	3	590
0.400034	1	26	3	590
0.400035	1	26	3	590
0.400035	1	26	3	590
0.403958	1	27	3	590
0.40603	1	26	3	590
0.40603	1	26	3	590
0.406031	1	26	3	590
0.406031	1	26	3	590
0.41203	1	26	3	590
0.41203	1	26	3	590
0.412031	1	26	3	590
0.412031	1	26	3	590
0.412032	1	26	3	590
0.412032	1	26	3	590
0.412033	1	26	3	590
0.412033	1	26	3	590
0.412034	1	26	3	590
0.412034	1	26	3	590
0.412035	1	26	3	590
0.412035	1	26	3	590
0.412036	1	26	3	590
0.412036	1	26	3	590
0.412037	1	26	3	590
0.412037	1	26	3	590
0.412038	1	26	3	590
0.412038	1	26	3	590
0.412039	1	26	3	590
0.412039	1	26	3	590
0.41204	1	26	3	590
0.41204	1	26	3	590
0.412041	1	26	3	590
0.412041	1	26	3	590
0.412042	1	26	3	590
0.412042	1	26	3	590
0.412043	1	26	3	590
0.412043	1	26	3	590
0.412044	1	26	3	590
0.41403	1	27	3	590
0.41403	1	27	3	590
0.414031	1	27	3	590
0.414031	1	27	3	590
0.414032	1	27	3	590
0.414032	1	27	3	590
0.414033	1	27	3	590
0.414033	1	27	3	590
0.414034	1	27	3	590
0.42103	1	26	3	590
0.42103	1	26	3	590
0.421031	1	26	3	590
0.421031	1	26	3	590
0.43203	1	26	3	590
0.43203	1	26	3	590
0.432031	1	26	3	590
0.432031	1	26	3	590
0.432032	1	26	3	590
0.432032	1	26	3	590
0.432033	1	26	3	590
0.432033	1	26	3	590
0.432034	1	26	3	590
0.43803	1	26	3	590
0.43803	1	26	3	590
0.438031	1	26	3	590
0.438031	1	26	3	590
0.438032	1	26	3	590
0.438032	1	26	3	590
0.438033	1	26	3	590
0.438033	1	26	3	590
0.44403	1	26	3	590
0.44403	1	26	3	590
0.444031	1	26	3	590
0.444031	1	26	3	590
0.444032	1	26	3	590
0.444032	1	26	3	590
0.449958	1	26	3	590
0.449959	1	26	3	590
0.449959	1	26	3	590
0.44996	1	26	3	590
0.44996	1	26	3	590
0.449961	1	26	3	590
0.449961	1	26	3	590
0.449962	1	26	3	590
0.449962	1	26	3	590
0.449963	1	26	3	590
0.449963	1	26	3	590
0.449964	1	26	3	590
0.454887	1	26	3	590
0.454887	1	26	3	590
0.46903	1	26	3	590
0.46903	1	26	3	590
0.469031	1	26	3	590
0.469031	1	26	3	590
0.47503	1	26	3	590
0.47503	1	26	3	590
0.475031	1	26	3	590
0.475031	1	26	3	590
0.475032	1	26	3	590
0.475032	1	26	3	590
0.475033	1	26	3	590
0.475033	1	26	3	590
0.475034	1	26	3	590
0.475034	1	26	3	590
0.475035	1	26	3	590
0.475035	1	26	3	590
0.475036	1	26	3	590
0.48103	1	26	3	590
0.48103	1	26	3	590
0.481031	1	26	3	590
0.481031	1	26	3	590
0.481032	1	26	3	590
0.48703	1	26	3	590
0.48703	1	26	3	590
0.487031	1	26	3	590
0.487031	1	26	3	590
0.487032	1	26	3	590
0.487032	1	26	3	590
0.487033	1	26	3	590
0.487033	1	26	3	590
0.487034	1	26	3	590
0.487034	1	26	3	590
0.487035	1	26	3	590
0.487035	1	26	3	590
0.487036	1	26	3	590
0.50103	1	26	3	590
0.50103	1	26	3	590
0.501031	1	26	3	590
0.501031	1	26	3	590
0.51203	1	26	3	590
0.51203	1	26	3	590
0.512031	1	26	3	590
0.512031	1	26	3	590
0.512032	1	26	3	590
0.512032	1	26	3	590
0.51803	1	26	3	590
0.51803	1	26	3	590
0.518031	1	26	3	590
0.518031	1	26	3	590
0.518032	1	26	3	590
0.518032	1	26	3	590
0.518033	1	26	3	590
0.518033	1	26	3	590
0.518034	1	26	3	590
0.518034	1	26	3	590
0.518035	1	26	3	590
0.518035	1	26	3	590
0.518036	1	26	3	590
0.518036	1	26	3	590
0.518037	1	26	3	590
0.518037	1	26	3	590
0.518038	1	26	3	590
0.518038	1	26	3	590
0.518039	1	26	3	590
0.518039	1	26	3	590
0.51804	1	26	3	590
0.51804	1	26	3	590
0.518041	1	26	3	590
0.518041	1	26	3	590
0.518042	1	26	3	590
0.518042	1	26	3	590
0.53303	1	26	3	590
0.53303	1	26	3	590
0.533031	1	26	3	590
0.533031	1	26	3	590
0.543958	1	26	3	590
0.543959	1	26	3	590
0.543959	1	26	3	590
0.54396	1	26	3	590
0.54396	1	26	3	590
0.543961	1	26	3	590
0.55503	1	26	3	590
0.55503	1	26	3	590
0.555031	1	26	3	590
0.555031	1	26	3	590
0.555032	1	26	3	590
0.555032	1	26	3	590
0.555033	1	26	3	590
0.555033	1	26	3	590
0.555034	1	26	3	590
0.555034	1	26	3	590
0.555035	1	26	3	590
0.555035	1	26	3	590
0.56103	1	26	3	590
0.56103	1	26	3	590
0.561031	1	26	3	590
0.561031	1	26	3	590
0.561032	1	26	3	590
0.561032	1	26	3	590
0.561033	1	26	3	590
0.56703	1	26	3	590
0.57503	1	26	3	590
0.57503	1	26	3	590
0.575031	1	26	3	590
0.58103	1	26	3	590
0.58103	1	26	3	590
0.58703	1	26	3	590
0.58703	1	26	3	590
0.587031	1	26	3	590
0.59303	1	26	3	590
0.59303	1	26	3	590
0.593031	1	26	3	590
0.593031	1	26	3	590
0.593032	1	26	3	590
0.593032	1	26	3	590
0.593033	1	26	3	590
0.593033	1	26	3	590
0.593034	1	26	3	590
0.593034	1	26	3	590
0.593035	1	26	3	590
0.593035	1	26	3	590
0.593036	1	26	3	590
0.598958	1	26	3	590
0.598959	1	26	3	590
0.598959	1	26	3	590
0.59896	1	26	3	590
0.60703	1	26	3	590
0.60703	1	26	3	590
0.607031	1	26	3	590
0.61303	1	26	3	590
0.61303	1	26	3	590
0.618958	1	26	3	590
0.618959	1	26	3	590
0.618959	1	26	3	590
0.61896	1	26	3	590
0.624958	1	26	3	590
0.624959	1	26	3	590
0.624959	1	26	3	590
0.62496	1	26	3	590
0.62496	1	26	3	590
0.624961	1	26	3	590
0.624961	1	26	3	590
0.624962	1	26	3	590
0.624962	1	26	3	590
0.624963	1	26	3	590
0.624963	1	26	3	590
0.624964	1	26	3	590
1.20803	1	7	3	590
1.22303	1	10	3	590
1.34003	1	7	3	590
1.34003	1	7	3	590
1.34003	1	7	3	590
1.34003	1	7	3	590
1.34003	1	7	3	590
1.34003	1	7	3	590
1.34003	1	7	3	590
1.34003	1	7	3	590
1.34003	1	7	3	590
1.34003	1	7	3	590
1.34003	1	7	3	590
1.34004	1	7	3	590
1.34004	1	7	3	590
1.34004	1	7	3	590
1.34004	1	7	3	590
1.34004	1	7	3	590
1.34004	1	7	3	590
1.34004	1	7	3	590
1.34004	1	7	3	590
1.41403	1	27	3	590
1.62496	1	26	3	590
2.34003	1	7	3	590
3.11039	1	21	3	58
3.11188	1	5	3	58
3.1121	1	3	3	58
3.11266	1	12	3	58
3.11275	1	23	3	58
3.11315	1	24	3	58
3.11349	1	8	3	58
3.11402	1	9	3	58
3.11447	1	1	3	58
3.11476	1	11	3	58
3.11567	1	22	3	58
3.11681	1	6	3	58
3.11806	1	2	3	58
3.11892	1	25	3	58
3.11901	1	28	3	58
3.11979	1	4	3	58
3.22303	1	10	3	590
3.24596	1	9	3	54
3.24596	1	9	3	590
3.24596	1	9	3	590
3.24596	1	9	3	590
3.24596	1	9	3	590
3.24596	1	9	3	590
3.24596	1	9	3	590
3.24596	1	9	3	590
3.24596	1	9	3	590
3.24596	1	9	3	590
3.24596	1	9	3	590
3.25074	1	28	3	54
3.25074	1	28	3	590
3.25074	1	28	3	590
3.25075	1	28	3	590
3.25075	1	28	3	590
3.25075	1	28	3	590
3.25075	1	28	3	590
3.25075	1	28	3	590
3.25075	1	28	3	590
3.25075	1	28	3	590
3.25075	1	28	3	590
3.27703	1	9	3	590
3.27703	1	9	3	590
3.27703	1	9	3	590
3.27703	1	9	3	590
3.27703	1	9	3	590
3.27703	1	9	3	590
3.27703	1	9	3	590
3.27703	1	9	3	590
3.27703	1	9	3	590
3.27703	1	9	3	590
3.27703	1	9	3	590
3.27704	1	9	3	590
3.27704	1	9	3	590
3.27704	1	9	3	590
3.27704	1	9	3	590
3.27704	1	9	3	590
3.27704	1	9	3	590
3.27704	1	9	3	590
3.41403	1	27	3	590
3.47703	1	9	3	590
3.47703	1	9	3	590
3.60903	1	9	3	590
3.60903	1	9	3	590
3.62496	1	26	3	590
3.64096	1	9	3	590
3.64096	1	9	3	590
3.67203	1	9	3	590
3.67203	1	9	3	590
3.67203	1	9	3	590
3.67203	1	9	3	590
4.34003	1	7	3	590
