% time(s)	cellId	bwpId	IMSI	RNTI	frame	sframe	slot	symStart	numSym	harqId	ndi	rv	mcs	tbSize
0.111	1	0	0	21	11	3	0	1	1	15	1	0	0	114
0.111	1	0	0	26	11	3	0	2	1	15	1	0	0	114
0.111	1	0	0	27	11	3	0	3	1	15	1	0	0	114
0.111	1	0	0	10	11	3	0	4	1	15	1	0	0	114
0.112	1	0	0	5	11	4	0	1	1	15	1	0	0	114
0.113	1	0	0	3	11	5	0	1	1	15	1	0	0	114
0.113	1	0	0	12	11	5	0	2	1	15	1	0	0	114
0.113	1	0	0	23	11	5	0	3	1	15	1	0	0	114
0.114	1	0	0	8	11	6	0	1	1	15	1	0	0	114
0.114	1	0	0	7	11	6	0	2	1	15	1	0	0	114
0.114	1	0	0	24	11	6	0	3	1	15	1	0	0	114
0.115	1	0	0	9	11	7	0	1	1	15	1	0	0	114
0.115	1	0	0	1	11	7	0	2	1	15	1	0	0	114
0.115	1	0	0	11	11	7	0	3	1	15	1	0	0	114
0.116	1	0	0	22	11	8	0	1	1	15	1	0	0	114
0.125	1	0	0	4	12	7	0	1	1	15	1	0	0	114
0.125	1	0	0	6	12	7	0	2	1	15	1	0	0	114
0.125	1	0	0	28	12	7	0	3	1	15	1	0	0	114
0.125	1	0	0	25	12	7	0	4	1	15	1	0	0	114
0.125	1	0	0	2	12	7	0	5	1	15	1	0	0	114
0.142	1	0	0	27	14	4	0	1	2	15	1	0	28	8060
0.145	1	0	0	7	14	7	0	1	2	15	1	0	28	8060
0.157	1	0	0	10	15	9	0	1	2	15	1	0	28	8060
0.157	1	0	0	26	15	9	0	3	2	15	1	0	28	8060
0.177	1	0	0	7	17	9	0	1	3	15	1	0	28	12091
0.179	1	0	0	27	18	1	0	1	3	15	1	0	28	12091
0.203	1	0	0	10	20	5	0	1	1	15	1	0	28	4030
0.204	1	0	0	26	20	6	0	1	1	15	1	0	28	4030
0.209	1	0	0	7	21	1	0	1	3	15	1	0	28	12091
0.215	1	0	0	27	21	7	0	1	3	15	1	0	28	12091
0.219	1	0	0	26	22	1	0	1	3	15	1	0	28	12091
0.221	1	0	0	27	22	3	0	1	10	14	1	0	4	2775
0.222	1	0	0	27	22	4	0	1	8	13	1	0	4	2221
0.224	1	0	0	10	22	6	0	1	3	15	1	0	24	9857
0.236	1	0	0	26	23	8	0	1	1	15	1	0	28	4030
0.25	1	0	0	26	25	2	0	1	2	15	1	0	28	8060
0.255	1	0	0	26	25	7	0	1	3	14	1	0	28	12091
0.268	1	0	0	26	27	0	0	1	2	15	1	0	28	8060
0.286	1	0	0	26	28	8	0	1	2	15	1	0	28	8060
0.292	1	0	0	26	29	4	0	1	3	15	1	0	28	12091
0.299	1	0	0	26	30	1	0	1	1	15	1	0	28	4030
0.304	1	0	0	26	30	6	0	1	1	15	1	0	28	4030
0.318	1	0	0	26	32	0	0	1	1	15	1	0	28	4030
0.324	1	0	0	26	32	6	0	1	2	15	1	0	28	8060
0.33	1	0	0	26	33	2	0	1	2	15	1	0	28	8060
0.336	1	0	0	26	33	8	0	1	1	15	1	0	28	4030
0.347	1	0	0	26	34	9	0	1	1	15	1	0	28	4030
0.35	1	0	0	26	35	2	0	1	1	14	1	0	28	4030
0.353	1	0	0	26	35	5	0	1	1	15	1	0	28	4030
0.356	1	0	0	26	35	8	0	1	1	14	1	0	28	4030
0.359	1	0	0	26	36	1	0	1	2	15	1	0	28	8060
0.361	1	0	0	26	36	3	0	1	1	14	1	0	28	4030
0.365	1	0	0	26	36	7	0	1	1	15	1	0	28	4030
0.368	1	0	0	27	37	0	0	1	5	15	1	0	10	4382
0.378	1	0	0	26	38	0	0	1	3	15	1	0	28	12091
0.379	1	0	0	27	38	1	0	1	1	15	1	0	28	4030
0.384	1	0	0	26	38	6	0	1	1	15	1	0	28	4030
0.39	1	0	0	26	39	2	0	1	1	15	1	0	28	4030
0.401	1	0	0	26	40	3	0	1	2	15	1	0	28	8060
0.404	1	0	0	27	40	6	0	1	1	15	1	0	28	4030
0.407	1	0	0	26	40	9	0	1	1	15	1	0	28	4030
0.413	1	0	0	26	41	5	0	1	3	15	1	0	28	12091
0.415	1	0	0	27	41	7	0	1	2	15	1	0	26	7448
0.422	1	0	0	26	42	4	0	1	1	15	1	0	28	4030
0.433	1	0	0	26	43	5	0	1	2	15	1	0	28	8060
0.439	1	0	0	26	44	1	0	1	2	15	1	0	28	8060
0.445	1	0	0	26	44	7	0	1	1	15	1	0	28	4030
0.45	1	0	0	26	45	2	0	1	2	15	1	0	28	8060
0.455	1	0	0	26	45	7	0	1	1	15	1	0	28	4030
0.47	1	0	0	26	47	2	0	1	1	15	1	0	28	4030
0.476	1	0	0	26	47	8	0	1	2	15	1	0	28	8060
0.482	1	0	0	26	48	4	0	1	1	15	1	0	28	4030
0.488	1	0	0	26	49	0	0	1	2	15	1	0	28	8060
0.502	1	0	0	26	50	4	0	1	1	15	1	0	28	4030
0.513	1	0	0	26	51	5	0	1	1	15	1	0	28	4030
0.519	1	0	0	26	52	1	0	1	3	15	1	0	28	12091
0.534	1	0	0	26	53	6	0	1	1	15	1	0	28	4030
0.544	1	0	0	26	54	6	0	1	1	15	1	0	28	4030
0.556	1	0	0	26	55	8	0	1	2	15	1	0	28	8060
0.562	1	0	0	26	56	4	0	1	2	15	1	0	28	8060
0.568	1	0	0	26	57	0	0	1	1	15	1	0	28	4030
0.576	1	0	0	26	57	8	0	1	1	15	1	0	28	4030
0.582	1	0	0	26	58	4	0	1	1	15	1	0	28	4030
0.588	1	0	0	26	59	0	0	1	1	15	1	0	28	4030
0.594	1	0	0	26	59	6	0	1	2	15	1	0	28	8060
0.599	1	0	0	26	60	1	0	1	1	15	1	0	28	4030
0.608	1	0	0	26	61	0	0	1	1	15	1	0	28	4030
0.614	1	0	0	26	61	6	0	1	11	14	1	0	0	1286
0.62	1	0	0	26	62	2	0	1	12	13	1	0	0	1404
0.621	1	0	0	26	62	3	0	1	9	12	1	0	0	1052
0.625	1	0	0	26	62	7	0	1	11	11	1	0	0	1286
0.628	1	0	0	26	63	0	0	1	12	15	1	0	0	1404
0.634	1	0	0	26	63	6	0	1	12	14	1	0	0	1404
0.641	1	0	0	26	64	3	0	1	12	13	1	0	0	1404
0.642	1	0	0	26	64	4	0	1	12	12	1	0	0	1404
0.645	1	0	0	26	64	7	0	1	2	11	1	0	0	231
0.647	1	0	0	26	64	9	0	1	1	10	1	0	0	114
1.209	1	0	0	7	121	1	0	1	1	15	1	0	28	4030
1.224	1	0	0	10	122	6	0	1	1	15	1	0	22	2849
1.341	1	0	0	7	134	3	0	1	3	15	1	0	28	12091
1.415	1	0	0	27	141	7	0	1	1	15	1	0	24	3285
1.625	1	0	0	26	162	7	0	1	6	15	1	0	0	700
2.341	1	0	0	7	234	3	0	1	1	15	1	0	26	3725
3.111	1	0	0	21	311	3	0	1	1	15	1	0	0	114
3.112	1	0	0	5	311	4	0	1	1	15	1	0	0	114
3.113	1	0	0	3	311	5	0	1	1	15	1	0	0	114
3.113	1	0	0	12	311	5	0	2	1	15	1	0	0	114
3.113	1	0	0	23	311	5	0	3	1	15	1	0	0	114
3.114	1	0	0	8	311	6	0	1	1	15	1	0	0	114
3.114	1	0	0	24	311	6	0	2	1	15	1	0	0	114
3.115	1	0	0	1	311	7	0	1	1	15	1	0	0	114
3.115	1	0	0	9	311	7	0	2	1	15	1	0	0	114
3.115	1	0	0	11	311	7	0	3	1	15	1	0	0	114
3.116	1	0	0	22	311	8	0	1	1	15	1	0	0	114
3.117	1	0	0	6	311	9	0	1	1	15	1	0	0	114
3.119	1	0	0	2	312	1	0	1	1	15	1	0	0	114
3.119	1	0	0	25	312	1	0	2	1	15	1	0	0	114
3.12	1	0	0	4	312	2	0	1	1	15	1	0	0	114
3.12	1	0	0	28	312	2	0	2	1	15	1	0	0	114
3.224	1	0	0	10	322	6	0	1	6	15	1	0	0	700
3.246	1	0	0	9	324	8	0	1	2	15	1	0	28	8060
3.251	1	0	0	28	325	3	0	1	2	15	1	0	28	8060
3.278	1	0	0	9	328	0	0	1	3	15	1	0	28	12091
3.415	1	0	0	27	341	7	0	1	6	15	1	0	0	700
3.478	1	0	0	9	348	0	0	1	5	15	1	0	4	1389
3.61	1	0	0	9	361	2	0	1	5	15	1	0	4	1389
3.625	1	0	0	26	362	7	0	1	6	15	1	0	0	700
3.641	1	0	0	9	364	3	0	1	1	15	1	0	28	4030
3.673	1	0	0	9	367	5	0	1	1	15	1	0	28	4030
4.341	1	0	0	7	434	3	0	1	6	15	1	0	0	700
