% time(s)	cellId	bwpId	IMSI	RNTI	frame	sframe	slot	symStart	numSym	harqId	ndi	rv	mcs	tbSize
0.018	1	0	0	12	2	2	0	1	1	0	1	0	0	114
0.018	1	0	0	11	2	2	0	2	1	0	1	0	0	114
0.018	1	0	0	10	2	2	0	3	1	0	1	0	0	114
0.018	1	0	0	9	2	2	0	4	1	0	1	0	0	114
0.018	1	0	0	8	2	2	0	5	1	0	1	0	0	114
0.018	1	0	0	7	2	2	0	6	1	0	1	0	0	114
0.018	1	0	0	6	2	2	0	7	1	0	1	0	0	114
0.018	1	0	0	5	2	2	0	8	1	0	1	0	0	114
0.018	1	0	0	4	2	2	0	9	1	0	1	0	0	114
0.018	1	0	0	3	2	2	0	10	1	0	1	0	0	114
0.018	1	0	0	2	2	2	0	11	1	0	1	0	0	114
0.018	1	0	0	1	2	2	0	12	1	0	1	0	0	114
0.026	1	0	0	28	3	0	0	5	1	0	1	0	0	114
0.026	1	0	0	27	3	0	0	6	1	0	1	0	0	114
0.026	1	0	0	26	3	0	0	7	1	0	1	0	0	114
0.026	1	0	0	25	3	0	0	8	1	0	1	0	0	114
0.026	1	0	0	24	3	0	0	9	1	0	1	0	0	114
0.026	1	0	0	23	3	0	0	10	1	0	1	0	0	114
0.026	1	0	0	22	3	0	0	11	1	0	1	0	0	114
0.026	1	0	0	21	3	0	0	12	1	0	1	0	0	114
0.117	1	0	0	10	12	1	0	9	1	15	1	0	0	114
0.117	1	0	0	27	12	1	0	10	1	15	1	0	0	114
0.117	1	0	0	26	12	1	0	11	1	15	1	0	0	114
0.117	1	0	0	21	12	1	0	12	1	15	1	0	0	114
0.119	1	0	0	3	12	3	0	11	1	15	1	0	0	114
0.12	1	0	0	8	12	4	0	10	1	15	1	0	0	114
0.12	1	0	0	7	12	4	0	11	1	15	1	0	0	114
0.121	1	0	0	11	12	5	0	10	1	15	1	0	0	114
0.121	1	0	0	1	12	5	0	11	1	15	1	0	0	114
0.122	1	0	0	21	12	6	0	10	1	15	0	1	0	114
0.122	1	0	0	26	12	6	0	11	1	15	0	1	0	114
0.122	1	0	0	10	12	6	0	12	1	15	0	1	0	114
0.124	1	0	0	3	12	8	0	12	1	15	0	1	0	114
0.125	1	0	0	12	12	9	0	11	1	15	1	0	0	114
0.125	1	0	0	8	12	9	0	12	1	15	0	1	0	114
0.126	1	0	0	1	13	0	0	10	1	15	0	1	0	114
0.126	1	0	0	11	13	0	0	11	1	15	0	1	0	114
0.127	1	0	0	9	13	1	0	9	1	15	1	0	0	114
0.127	1	0	0	10	13	1	0	10	1	15	0	2	0	114
0.127	1	0	0	26	13	1	0	11	1	15	0	2	0	114
0.127	1	0	0	21	13	1	0	12	1	15	0	2	0	114
0.129	1	0	0	3	13	3	0	12	1	15	0	2	0	114
0.13	1	0	0	8	13	4	0	11	1	15	0	2	0	114
0.13	1	0	0	12	13	4	0	12	1	15	0	1	0	114
0.131	1	0	0	2	13	5	0	6	1	15	1	0	0	114
0.131	1	0	0	25	13	5	0	7	1	15	1	0	0	114
0.131	1	0	0	6	13	5	0	8	1	15	1	0	0	114
0.131	1	0	0	4	13	5	0	9	1	15	1	0	0	114
0.131	1	0	0	11	13	5	0	10	1	15	0	2	0	114
0.131	1	0	0	1	13	5	0	11	1	15	0	2	0	114
0.132	1	0	0	21	13	6	0	9	1	15	0	3	0	114
0.132	1	0	0	26	13	6	0	10	1	15	0	3	0	114
0.132	1	0	0	10	13	6	0	11	1	15	0	3	0	114
0.132	1	0	0	9	13	6	0	12	1	15	0	1	0	114
0.134	1	0	0	3	13	8	0	11	1	15	0	3	0	114
0.135	1	0	0	12	13	9	0	11	1	15	0	2	0	114
0.135	1	0	0	8	13	9	0	12	1	15	0	3	0	114
0.136	1	0	0	1	14	0	0	7	1	15	0	3	0	114
0.136	1	0	0	11	14	0	0	8	1	15	0	3	0	114
0.136	1	0	0	4	14	0	0	9	1	15	0	1	0	114
0.136	1	0	0	6	14	0	0	10	1	15	0	1	0	114
0.136	1	0	0	25	14	0	0	11	1	15	0	1	0	114
0.136	1	0	0	2	14	0	0	12	1	15	0	1	0	114
0.137	1	0	0	22	14	1	0	10	1	15	1	0	0	114
0.137	1	0	0	9	14	1	0	11	1	15	0	2	0	114
0.14	1	0	0	12	14	4	0	11	1	15	0	3	0	114
0.141	1	0	0	2	14	5	0	9	1	15	0	2	0	114
0.141	1	0	0	25	14	5	0	10	1	15	0	2	0	114
0.141	1	0	0	6	14	5	0	11	1	15	0	2	0	114
0.141	1	0	0	4	14	5	0	12	1	15	0	2	0	114
0.142	1	0	0	9	14	6	0	11	1	15	0	3	0	114
0.142	1	0	0	22	14	6	0	12	1	15	0	1	0	114
0.146	1	0	0	4	15	0	0	9	1	15	0	3	0	114
0.146	1	0	0	6	15	0	0	10	1	15	0	3	0	114
0.146	1	0	0	25	15	0	0	11	1	15	0	3	0	114
0.146	1	0	0	2	15	0	0	12	1	15	0	3	0	114
0.147	1	0	0	28	15	1	0	11	1	15	1	0	0	114
0.147	1	0	0	22	15	1	0	12	1	15	0	2	0	114
0.148	1	0	0	27	15	2	0	12	1	15	1	0	7	539
0.151	1	0	0	7	15	5	0	12	1	15	1	0	9	744
0.152	1	0	0	22	15	6	0	11	1	15	0	3	0	114
0.152	1	0	0	28	15	6	0	12	1	15	0	1	0	114
0.153	1	0	0	27	15	7	0	12	1	15	0	1	7	539
0.157	1	0	0	28	16	1	0	12	1	15	0	2	0	114
0.162	1	0	0	28	16	6	0	12	1	15	0	3	0	114
0.163	1	0	0	26	16	7	0	11	1	15	1	0	0	114
0.163	1	0	0	10	16	7	0	12	1	15	1	0	0	114
0.168	1	0	0	10	17	2	0	11	1	15	0	1	0	114
0.168	1	0	0	26	17	2	0	12	1	15	0	1	0	114
0.173	1	0	0	26	17	7	0	11	1	15	0	2	0	114
0.173	1	0	0	10	17	7	0	12	1	15	0	2	0	114
0.178	1	0	0	10	18	2	0	11	1	15	0	3	0	114
0.178	1	0	0	26	18	2	0	12	1	15	0	3	0	114
0.183	1	0	0	10	18	7	0	10	2	15	1	0	0	231
0.183	1	0	0	7	18	7	0	12	1	15	1	0	12	1081
0.184	1	0	0	26	18	8	0	11	2	15	1	0	0	231
0.185	1	0	0	27	18	9	0	12	1	15	1	0	6	436
0.188	1	0	0	10	19	2	0	11	2	15	0	1	0	231
0.189	1	0	0	26	19	3	0	11	2	15	0	1	0	231
0.19	1	0	0	27	19	4	0	11	1	15	0	1	6	436
0.193	1	0	0	10	19	7	0	11	2	15	0	2	0	231
0.194	1	0	0	26	19	8	0	10	2	15	0	2	0	231
0.195	1	0	0	27	19	9	0	12	1	15	1	0	6	436
0.198	1	0	0	10	20	2	0	11	2	15	0	3	0	231
0.21	1	0	0	26	21	4	0	12	1	15	1	0	0	114
0.214	1	0	0	10	21	8	0	11	1	15	1	0	0	114
0.215	1	0	0	7	21	9	0	12	1	15	1	0	13	1228
0.219	1	0	0	10	22	3	0	11	1	15	0	1	0	114
0.22	1	0	0	7	22	4	0	11	1	15	0	1	13	1228
0.224	1	0	0	10	22	8	0	12	1	15	0	2	0	114
0.225	1	0	0	26	22	9	0	11	1	15	1	0	3	216
0.225	1	0	0	7	22	9	0	12	1	15	0	2	13	1228
0.229	1	0	0	10	23	3	0	12	1	15	0	3	0	114
0.23	1	0	0	26	23	4	0	10	2	15	1	0	3	436
0.23	1	0	0	7	23	4	0	12	1	15	0	3	13	1228
0.236	1	0	0	10	24	0	0	12	1	15	1	0	0	114
0.241	1	0	0	10	24	5	0	12	1	15	0	1	0	114
0.242	1	0	0	26	24	6	0	12	1	15	1	0	3	216
0.246	1	0	0	10	25	0	0	12	1	15	0	2	0	114
0.251	1	0	0	10	25	5	0	11	1	15	0	3	0	114
0.256	1	0	0	26	26	0	0	11	1	15	1	0	3	216
0.261	1	0	0	26	26	5	0	11	1	15	0	1	3	216
0.266	1	0	0	26	27	0	0	8	5	15	1	0	2	803
0.274	1	0	0	26	27	8	0	11	1	15	1	0	2	158
0.279	1	0	0	26	28	3	0	9	3	15	1	0	2	480
0.292	1	0	0	26	29	6	0	12	1	15	1	0	2	158
0.298	1	0	0	26	30	2	0	9	4	15	1	0	3	876
0.304	1	0	0	26	30	8	0	8	5	15	1	0	3	1096
0.31	1	0	0	26	31	4	0	12	1	15	1	0	3	216
0.316	1	0	0	26	32	0	0	12	1	15	1	0	4	275
0.321	1	0	0	26	32	5	0	12	1	15	0	1	4	275
0.324	1	0	0	26	32	8	0	12	1	14	1	0	3	216
0.327	1	0	0	27	33	1	0	11	1	15	1	0	6	436
0.327	1	0	0	26	33	1	0	12	1	15	1	0	3	216
0.331	1	0	0	26	33	5	0	11	1	14	1	0	3	216
0.332	1	0	0	27	33	6	0	12	1	15	0	1	6	436
0.333	1	0	0	26	33	7	0	11	2	15	1	0	3	436
0.336	1	0	0	26	34	0	0	8	4	14	1	0	4	1110
0.337	1	0	0	27	34	1	0	12	1	15	0	2	6	436
0.339	1	0	0	26	34	3	0	11	2	15	1	0	4	553
0.342	1	0	0	26	34	6	0	11	1	14	1	0	4	275
0.342	1	0	0	27	34	6	0	12	1	15	0	3	6	436
0.347	1	0	0	26	35	1	0	12	1	14	0	1	4	275
0.348	1	0	0	27	35	2	0	12	1	15	1	0	0	114
0.353	1	0	0	26	35	7	0	11	1	15	1	0	3	216
0.353	1	0	0	27	35	7	0	12	1	15	0	1	0	114
0.359	1	0	0	26	36	3	0	11	1	15	1	0	4	275
0.364	1	0	0	26	36	8	0	12	1	15	1	0	4	275
0.37	1	0	0	26	37	4	0	10	3	15	1	0	4	832
0.374	1	0	0	27	37	8	0	11	1	15	1	0	0	114
0.375	1	0	0	26	37	9	0	10	3	15	0	1	4	832
0.379	1	0	0	27	38	3	0	11	1	15	0	1	0	114
0.381	1	0	0	26	38	5	0	12	1	15	1	0	3	216
0.384	1	0	0	27	38	8	0	9	4	15	1	0	0	466
0.387	1	0	0	26	39	1	0	9	4	15	1	0	3	876
0.389	1	0	0	27	39	3	0	9	4	15	0	1	0	466
0.396	1	0	0	26	40	0	0	12	1	15	1	0	4	275
0.407	1	0	0	26	41	1	0	12	1	15	1	0	4	275
0.413	1	0	0	26	41	7	0	12	1	15	1	0	4	275
0.415	1	0	0	27	41	9	0	12	1	15	1	0	0	114
0.419	1	0	0	26	42	3	0	12	1	15	1	0	3	216
0.42	1	0	0	27	42	4	0	12	1	15	0	1	0	114
0.425	1	0	0	26	42	9	0	11	1	15	1	0	5	348
0.425	1	0	0	27	42	9	0	12	1	15	0	2	0	114
0.427	1	0	0	27	43	1	0	12	1	14	1	0	0	114
0.43	1	0	0	26	43	4	0	10	1	15	1	0	5	348
0.43	1	0	0	27	43	4	0	11	1	15	0	3	0	114
0.432	1	0	0	27	43	6	0	11	1	14	0	1	0	114
0.437	1	0	0	27	44	1	0	12	1	14	0	2	0	114
0.439	1	0	0	26	44	3	0	11	1	15	1	0	6	436
0.442	1	0	0	27	44	6	0	12	1	14	0	3	0	114
0.444	1	0	0	26	44	8	0	12	1	15	0	1	6	436
0.45	1	0	0	26	45	4	0	10	3	15	1	0	4	832
0.456	1	0	0	26	46	0	0	12	1	15	1	0	5	348
0.462	1	0	0	26	46	6	0	10	3	15	1	0	5	1052
0.476	1	0	0	26	48	0	0	12	1	15	1	0	4	275
0.482	1	0	0	26	48	6	0	12	1	15	1	0	6	436
0.487	1	0	0	26	49	1	0	12	1	15	0	1	6	436
0.493	1	0	0	26	49	7	0	11	2	15	1	0	5	700
0.508	1	0	0	26	51	2	0	12	1	15	1	0	5	348
0.519	1	0	0	26	52	3	0	11	1	15	1	0	6	436
0.525	1	0	0	26	52	9	0	12	1	15	1	0	5	348
0.53	1	0	0	26	53	4	0	12	1	15	0	1	5	348
0.536	1	0	0	26	54	0	0	12	1	15	1	0	4	275
0.542	1	0	0	26	54	6	0	12	1	15	1	0	4	275
0.55	1	0	0	26	55	4	0	12	1	15	1	0	4	275
0.556	1	0	0	26	56	0	0	12	1	15	1	0	4	275
0.562	1	0	0	26	56	6	0	12	1	15	1	0	3	216
0.568	1	0	0	26	57	2	0	10	3	15	1	0	4	832
0.574	1	0	0	26	57	8	0	11	1	15	1	0	5	348
0.582	1	0	0	26	58	6	0	12	1	15	1	0	5	348
0.588	1	0	0	26	59	2	0	12	1	15	1	0	5	348
0.594	1	0	0	26	59	8	0	11	1	15	1	0	5	348
0.6	1	0	0	26	60	4	0	11	1	15	1	0	5	348
0.605	1	0	0	26	60	9	0	12	1	15	1	0	5	348
0.61	1	0	0	26	61	4	0	12	1	15	0	1	5	348
0.615	1	0	0	26	61	9	0	12	1	15	0	2	5	348
0.62	1	0	0	26	62	4	0	11	1	15	0	3	5	348
0.744	1	0	0	26	74	8	0	12	1	15	1	0	0	114
0.749	1	0	0	26	75	3	0	12	1	15	0	1	0	114
0.754	1	0	0	26	75	8	0	11	1	15	0	2	0	114
0.759	1	0	0	26	76	3	0	11	1	15	0	3	0	114
1.215	1	0	0	7	121	9	0	12	1	15	1	0	0	114
1.353	1	0	0	7	135	7	0	12	1	15	1	0	4	275
1.358	1	0	0	7	136	2	0	12	1	15	0	1	4	275
1.363	1	0	0	7	136	7	0	12	1	15	0	2	4	275
1.368	1	0	0	7	137	2	0	12	1	15	0	3	4	275
1.631	1	0	0	26	163	5	0	12	1	15	1	0	0	114
1.636	1	0	0	26	164	0	0	12	1	15	0	1	0	114
1.641	1	0	0	26	164	5	0	11	1	15	0	2	0	114
1.646	1	0	0	26	165	0	0	11	1	15	0	3	0	114
3.117	1	0	0	21	312	1	0	12	1	15	1	0	0	114
3.119	1	0	0	12	312	3	0	11	1	15	1	0	0	114
3.119	1	0	0	3	312	3	0	12	1	15	1	0	0	114
3.12	1	0	0	8	312	4	0	12	1	15	1	0	0	114
3.121	1	0	0	11	312	5	0	10	1	15	1	0	0	114
3.121	1	0	0	9	312	5	0	11	1	15	1	0	0	114
3.121	1	0	0	1	312	5	0	12	1	15	1	0	0	114
3.122	1	0	0	22	312	6	0	11	1	15	1	0	0	114
3.122	1	0	0	21	312	6	0	12	1	15	0	1	0	114
3.123	1	0	0	6	312	7	0	12	1	15	1	0	0	114
3.124	1	0	0	3	312	8	0	11	1	15	0	1	0	114
3.124	1	0	0	12	312	8	0	12	1	15	0	1	0	114
3.125	1	0	0	25	312	9	0	9	1	15	1	0	0	114
3.125	1	0	0	2	312	9	0	10	1	15	1	0	0	114
3.125	1	0	0	8	312	9	0	11	1	15	0	1	0	114
3.126	1	0	0	28	313	0	0	8	1	15	1	0	0	114
3.126	1	0	0	4	313	0	0	9	1	15	1	0	0	114
3.126	1	0	0	9	313	0	0	10	1	15	1	0	5	348
3.126	1	0	0	1	313	0	0	11	1	15	0	1	0	114
3.126	1	0	0	11	313	0	0	12	1	15	0	1	0	114
3.127	1	0	0	21	313	1	0	11	1	15	0	2	0	114
3.127	1	0	0	22	313	1	0	12	1	15	0	1	0	114
3.128	1	0	0	6	313	2	0	12	1	15	0	1	0	114
3.129	1	0	0	12	313	3	0	11	1	15	0	2	0	114
3.129	1	0	0	3	313	3	0	12	1	15	0	2	0	114
3.13	1	0	0	8	313	4	0	9	1	15	0	2	0	114
3.13	1	0	0	2	313	4	0	10	1	15	0	1	0	114
3.13	1	0	0	25	313	4	0	11	1	15	0	1	0	114
3.131	1	0	0	25	313	5	0	7	1	14	1	0	0	114
3.131	1	0	0	2	313	5	0	8	1	14	1	0	0	114
3.131	1	0	0	11	313	5	0	9	1	15	0	2	0	114
3.131	1	0	0	1	313	5	0	10	1	15	0	2	0	114
3.131	1	0	0	4	313	5	0	11	1	15	0	1	0	114
3.132	1	0	0	6	313	6	0	10	1	14	1	0	0	114
3.132	1	0	0	22	313	6	0	11	1	15	0	2	0	114
3.132	1	0	0	21	313	6	0	12	1	15	0	3	0	114
3.133	1	0	0	6	313	7	0	12	1	15	0	2	0	114
3.134	1	0	0	3	313	8	0	10	1	15	0	3	0	114
3.134	1	0	0	12	313	8	0	11	1	15	0	3	0	114
3.135	1	0	0	25	313	9	0	10	1	15	0	2	0	114
3.135	1	0	0	2	313	9	0	11	1	15	0	2	0	114
3.135	1	0	0	8	313	9	0	12	1	15	0	3	0	114
3.136	1	0	0	4	314	0	0	7	1	15	0	2	0	114
3.136	1	0	0	1	314	0	0	8	1	15	0	3	0	114
3.136	1	0	0	11	314	0	0	9	1	15	0	3	0	114
3.136	1	0	0	2	314	0	0	10	1	14	0	1	0	114
3.136	1	0	0	25	314	0	0	11	1	14	0	1	0	114
3.137	1	0	0	22	314	1	0	11	1	15	0	3	0	114
3.137	1	0	0	6	314	1	0	12	1	14	0	1	0	114
3.138	1	0	0	22	314	2	0	11	1	14	1	0	0	114
3.138	1	0	0	6	314	2	0	12	1	15	0	3	0	114
3.14	1	0	0	2	314	4	0	11	1	15	0	3	0	114
3.14	1	0	0	25	314	4	0	12	1	15	0	3	0	114
3.141	1	0	0	25	314	5	0	9	1	14	0	2	0	114
3.141	1	0	0	2	314	5	0	10	1	14	0	2	0	114
3.141	1	0	0	4	314	5	0	11	1	15	0	3	0	114
3.142	1	0	0	6	314	6	0	12	1	14	0	2	0	114
3.143	1	0	0	22	314	7	0	12	1	14	0	1	0	114
3.146	1	0	0	2	315	0	0	11	1	14	0	3	0	114
3.146	1	0	0	25	315	0	0	12	1	14	0	3	0	114
3.147	1	0	0	28	315	1	0	11	1	15	1	0	2	158
3.147	1	0	0	6	315	1	0	12	1	14	0	3	0	114
3.148	1	0	0	22	315	2	0	12	1	14	0	2	0	114
3.153	1	0	0	22	315	7	0	12	1	14	0	3	0	114
3.218	1	0	0	5	322	2	0	12	1	15	1	0	0	114
3.219	1	0	0	23	322	3	0	12	1	15	1	0	0	114
3.22	1	0	0	24	322	4	0	12	1	15	1	0	0	114
3.223	1	0	0	5	322	7	0	12	1	15	0	1	0	114
3.224	1	0	0	23	322	8	0	12	1	15	0	1	0	114
3.225	1	0	0	24	322	9	0	12	1	15	0	1	0	114
3.228	1	0	0	5	323	2	0	12	1	15	0	2	0	114
3.229	1	0	0	23	323	3	0	12	1	15	0	2	0	114
3.23	1	0	0	24	323	4	0	11	1	15	0	2	0	114
3.233	1	0	0	5	323	7	0	12	1	15	0	3	0	114
3.234	1	0	0	23	323	8	0	11	1	15	0	3	0	114
3.235	1	0	0	24	323	9	0	12	1	15	0	3	0	114
3.252	1	0	0	9	325	6	0	12	1	15	1	0	5	348
3.262	1	0	0	28	326	6	0	12	1	15	1	0	2	158
3.267	1	0	0	28	327	1	0	12	1	15	0	1	2	158
3.272	1	0	0	28	327	6	0	12	1	15	0	2	2	158
3.277	1	0	0	28	328	1	0	12	1	15	0	3	2	158
3.452	1	0	0	9	345	6	0	12	1	15	1	0	5	348
3.584	1	0	0	9	358	8	0	12	1	15	1	0	8	641
3.616	1	0	0	9	362	0	0	11	1	15	1	0	8	641
3.631	1	0	0	26	363	5	0	12	1	15	1	0	0	114
3.636	1	0	0	26	364	0	0	12	1	15	0	1	0	114
3.641	1	0	0	26	364	5	0	11	1	15	0	2	0	114
3.646	1	0	0	26	365	0	0	11	1	15	0	3	0	114
3.647	1	0	0	9	365	1	0	12	1	15	1	0	8	641
3.679	1	0	0	9	368	3	0	12	1	15	1	0	9	744
3.684	1	0	0	9	368	8	0	12	1	15	0	1	9	744
3.689	1	0	0	9	369	3	0	12	1	15	0	2	9	744
3.694	1	0	0	9	369	8	0	11	1	15	0	3	9	744
