Time	direction	frame	subF	slot	1stSym	nSymbol	cellId	bwpId	rnti	tbSize	mcs	rank	rv	SINR(dB)	CQI	corrupt	TBler
0.113143	DL	11	3	0	1	1	1	0	21	114	0	1	0	20.4355	13	0	0
0.113214	DL	11	3	0	2	1	1	0	26	114	0	1	0	31.2555	15	0	0
0.113286	DL	11	3	0	3	1	1	0	27	114	0	1	0	44.2835	15	0	0
0.113357	DL	11	3	0	4	1	1	0	10	114	0	1	0	27.9363	15	0	0
0.114143	DL	11	4	0	1	1	1	0	5	114	0	1	0	-26.8362	0	1	1
0.115143	DL	11	5	0	1	1	1	0	3	114	0	1	0	0.575117	4	0	0
0.115214	DL	11	5	0	2	1	1	0	12	114	0	1	0	-7.44897	0	1	0.937022
0.115286	DL	11	5	0	3	1	1	0	23	114	0	1	0	-41.7781	0	1	1
0.116143	DL	11	6	0	1	1	1	0	8	114	0	1	0	18.6175	12	0	0
0.116214	DL	11	6	0	2	1	1	0	7	114	0	1	0	47.7917	15	0	0
0.116286	DL	11	6	0	3	1	1	0	24	114	0	1	0	-25.8119	0	1	1
0.117143	DL	11	7	0	1	1	1	0	9	114	0	1	0	-13.5206	0	1	1
0.117214	DL	11	7	0	2	1	1	0	1	114	0	1	0	5.24503	6	0	0
0.117286	DL	11	7	0	3	1	1	0	11	114	0	1	0	12.1698	9	0	0
0.118143	DL	11	8	0	1	1	1	0	22	114	0	1	0	-18.8268	0	1	1
0.119929	DL	11	9	0	1	12	1	0	5	114	0	1	1	-17.5477	0	1	1
0.1205	DL	12	0	0	1	6	1	0	23	114	0	1	1	-34.2885	0	1	1
0.120929	DL	12	0	0	7	6	1	0	12	114	0	1	1	0.789043	4	0	0
0.121643	DL	12	1	0	1	8	1	0	24	114	0	1	1	-18.6612	0	1	1
0.121714	UL	12	1	0	9	1	1	0	10	114	0	1	0	-15.5165	255	1	1
0.121714	UL	12	1	0	9	1	1	0	10	114	0	1	0	-15.5165	255	1	1
0.121786	UL	12	1	0	10	1	1	0	27	114	0	1	0	0.466966	255	0	0
0.121786	UL	12	1	0	10	1	1	0	27	114	0	1	0	0.466966	255	0	0
0.121857	UL	12	1	0	11	1	1	0	26	114	0	1	0	-12.4084	255	1	1
0.121857	UL	12	1	0	11	1	1	0	26	114	0	1	0	-12.4084	255	1	1
0.121929	UL	12	1	0	12	1	1	0	21	114	0	1	0	-23.0336	255	1	1
0.121929	UL	12	1	0	12	1	1	0	21	114	0	1	0	-23.0336	255	1	1
0.122929	DL	12	2	0	1	12	1	0	9	114	0	1	1	-2.9957	2	0	0
0.123786	DL	12	3	0	1	10	1	0	22	114	0	1	1	-10.6329	0	1	1
0.123857	UL	12	3	0	11	1	1	0	3	114	0	1	0	-42.8927	255	1	1
0.123857	UL	12	3	0	11	1	1	0	3	114	0	1	0	-42.8927	255	1	1
0.124714	DL	12	4	0	1	9	1	0	5	114	0	1	2	-19.8522	0	1	1
0.124786	UL	12	4	0	10	1	1	0	8	114	0	1	0	-25.2476	255	1	1
0.124786	UL	12	4	0	10	1	1	0	8	114	0	1	0	-25.2476	255	1	1
0.124857	UL	12	4	0	11	1	1	0	7	114	0	1	0	3.92122	255	0	0
0.124857	UL	12	4	0	11	1	1	0	7	114	0	1	0	3.92122	255	0	0
0.125714	DL	12	5	0	1	9	1	0	23	114	0	1	2	-32.9806	0	1	1
0.125786	UL	12	5	0	10	1	1	0	11	114	0	1	0	-32.5006	255	1	1
0.125786	UL	12	5	0	10	1	1	0	11	114	0	1	0	-32.5006	255	1	1
0.125857	UL	12	5	0	11	1	1	0	1	114	0	1	0	-37.9869	255	1	1
0.125857	UL	12	5	0	11	1	1	0	1	114	0	1	0	-37.9869	255	1	1
0.126714	DL	12	6	0	1	9	1	0	24	114	0	1	2	-17.5519	0	1	1
0.126786	UL	12	6	0	10	1	1	0	21	114	0	1	1	-23.4152	255	1	1
0.126786	UL	12	6	0	10	1	1	0	21	114	0	1	1	-23.4152	255	1	1
0.126857	UL	12	6	0	11	1	1	0	26	114	0	1	1	-12.4174	255	1	1
0.126857	UL	12	6	0	11	1	1	0	26	114	0	1	1	-12.4174	255	1	1
0.126929	UL	12	6	0	12	1	1	0	10	114	0	1	1	-16.378	255	1	1
0.126929	UL	12	6	0	12	1	1	0	10	114	0	1	1	-16.378	255	1	1
0.127143	DL	12	7	0	1	1	1	0	4	114	0	1	0	12.0724	9	0	0
0.127214	DL	12	7	0	2	1	1	0	6	114	0	1	0	-6.53056	0	0	0.107803
0.127286	DL	12	7	0	3	1	1	0	28	114	0	1	0	-25.887	0	1	1
0.127357	DL	12	7	0	4	1	1	0	25	114	0	1	0	19.9913	13	0	0
0.127429	DL	12	7	0	5	1	1	0	2	114	0	1	0	4.59076	6	0	0
0.128857	DL	12	8	0	1	11	1	0	22	114	0	1	2	-13.4336	0	1	0.992881
0.128929	UL	12	8	0	12	1	1	0	3	114	0	1	1	-42.7645	255	1	1
0.128929	UL	12	8	0	12	1	1	0	3	114	0	1	1	-42.7645	255	1	1
0.129786	DL	12	9	0	1	10	1	0	5	114	0	1	3	-17.8766	0	1	0.999049
0.129857	UL	12	9	0	11	1	1	0	12	114	0	1	0	-51.4261	255	1	1
0.129857	UL	12	9	0	11	1	1	0	12	114	0	1	0	-51.4261	255	1	1
0.129929	UL	12	9	0	12	1	1	0	8	114	0	1	1	-25.042	255	1	1
0.129929	UL	12	9	0	12	1	1	0	8	114	0	1	1	-25.042	255	1	1
0.130714	DL	13	0	0	1	9	1	0	23	114	0	1	3	-33.5708	0	1	1
0.130786	UL	13	0	0	10	1	1	0	1	114	0	1	1	-38.1434	255	1	1
0.130786	UL	13	0	0	10	1	1	0	1	114	0	1	1	-38.1434	255	1	1
0.130857	UL	13	0	0	11	1	1	0	11	114	0	1	1	-32.9916	255	1	1
0.130857	UL	13	0	0	11	1	1	0	11	114	0	1	1	-32.9916	255	1	1
0.131643	DL	13	1	0	1	8	1	0	24	114	0	1	3	-17.6203	0	1	0.995311
0.131714	UL	13	1	0	9	1	1	0	9	114	0	1	0	-57.6111	255	1	1
0.131714	UL	13	1	0	9	1	1	0	9	114	0	1	0	-57.6111	255	1	1
0.131786	UL	13	1	0	10	1	1	0	10	114	0	1	2	-16.1174	255	1	1
0.131786	UL	13	1	0	10	1	1	0	10	114	0	1	2	-16.1174	255	1	1
0.131857	UL	13	1	0	11	1	1	0	26	114	0	1	2	-12.772	255	1	0.823721
0.131857	UL	13	1	0	11	1	1	0	26	114	0	1	2	-12.772	255	1	0.823721
0.131929	UL	13	1	0	12	1	1	0	21	114	0	1	2	-23.7492	255	1	1
0.131929	UL	13	1	0	12	1	1	0	21	114	0	1	2	-23.7492	255	1	1
0.132857	DL	13	2	0	1	11	1	0	28	114	0	1	1	-12.5538	0	1	1
0.133857	DL	13	3	0	1	11	1	0	22	114	0	1	3	-9.80172	0	0	0
0.133929	UL	13	3	0	12	1	1	0	3	114	0	1	2	-42.0904	255	1	1
0.133929	UL	13	3	0	12	1	1	0	3	114	0	1	2	-42.0904	255	1	1
0.134857	UL	13	4	0	11	1	1	0	8	114	0	1	2	-25.914	255	1	1
0.134857	UL	13	4	0	11	1	1	0	8	114	0	1	2	-25.914	255	1	1
0.134929	UL	13	4	0	12	1	1	0	12	114	0	1	1	-51.1213	255	1	1
0.134929	UL	13	4	0	12	1	1	0	12	114	0	1	1	-51.1213	255	1	1
0.1355	UL	13	5	0	6	1	1	0	2	114	0	1	0	-39.9362	255	1	1
0.1355	UL	13	5	0	6	1	1	0	2	114	0	1	0	-39.9362	255	1	1
0.135571	UL	13	5	0	7	1	1	0	25	114	0	1	0	-23.7506	255	1	1
0.135571	UL	13	5	0	7	1	1	0	25	114	0	1	0	-23.7506	255	1	1
0.135643	UL	13	5	0	8	1	1	0	6	114	0	1	0	-50.4928	255	1	1
0.135643	UL	13	5	0	8	1	1	0	6	114	0	1	0	-50.4928	255	1	1
0.135714	UL	13	5	0	9	1	1	0	4	114	0	1	0	-29.4452	255	1	1
0.135714	UL	13	5	0	9	1	1	0	4	114	0	1	0	-29.4452	255	1	1
0.135786	UL	13	5	0	10	1	1	0	11	114	0	1	2	-31.881	255	1	1
0.135786	UL	13	5	0	10	1	1	0	11	114	0	1	2	-31.881	255	1	1
0.135857	UL	13	5	0	11	1	1	0	1	114	0	1	2	-37.9424	255	1	1
0.135857	UL	13	5	0	11	1	1	0	1	114	0	1	2	-37.9424	255	1	1
0.136714	UL	13	6	0	9	1	1	0	21	114	0	1	3	-23.3391	255	1	1
0.136714	UL	13	6	0	9	1	1	0	21	114	0	1	3	-23.3391	255	1	1
0.136786	UL	13	6	0	10	1	1	0	26	114	0	1	3	-13.0251	255	0	0
0.136786	UL	13	6	0	10	1	1	0	26	114	0	1	3	-13.0251	255	0	0
0.136857	UL	13	6	0	11	1	1	0	10	114	0	1	3	-16.2732	255	0	0.0421378
0.136857	UL	13	6	0	11	1	1	0	10	114	0	1	3	-16.2732	255	0	0.0421378
0.136929	UL	13	6	0	12	1	1	0	9	114	0	1	1	-57.6781	255	1	1
0.136929	UL	13	6	0	12	1	1	0	9	114	0	1	1	-57.6781	255	1	1
0.137929	DL	13	7	0	1	12	1	0	28	114	0	1	2	-12.8322	0	1	0.999995
0.138857	UL	13	8	0	11	1	1	0	3	114	0	1	3	-42.3225	255	1	1
0.138857	UL	13	8	0	11	1	1	0	3	114	0	1	3	-42.3225	255	1	1
0.139857	UL	13	9	0	11	1	1	0	12	114	0	1	2	-51.4471	255	1	1
0.139857	UL	13	9	0	11	1	1	0	12	114	0	1	2	-51.4471	255	1	1
0.139929	UL	13	9	0	12	1	1	0	8	114	0	1	3	-25.8758	255	1	1
0.139929	UL	13	9	0	12	1	1	0	8	114	0	1	3	-25.8758	255	1	1
0.140571	UL	14	0	0	7	1	1	0	1	114	0	1	3	-38.7072	255	1	1
0.140571	UL	14	0	0	7	1	1	0	1	114	0	1	3	-38.7072	255	1	1
0.140643	UL	14	0	0	8	1	1	0	11	114	0	1	3	-31.9135	255	1	1
0.140643	UL	14	0	0	8	1	1	0	11	114	0	1	3	-31.9135	255	1	1
0.140714	UL	14	0	0	9	1	1	0	4	114	0	1	1	-30.6364	255	1	1
0.140714	UL	14	0	0	9	1	1	0	4	114	0	1	1	-30.6364	255	1	1
0.140786	UL	14	0	0	10	1	1	0	6	114	0	1	1	-50.4597	255	1	1
0.140786	UL	14	0	0	10	1	1	0	6	114	0	1	1	-50.4597	255	1	1
0.140857	UL	14	0	0	11	1	1	0	25	114	0	1	1	-23.4765	255	1	1
0.140857	UL	14	0	0	11	1	1	0	25	114	0	1	1	-23.4765	255	1	1
0.140929	UL	14	0	0	12	1	1	0	2	114	0	1	1	-40.4816	255	1	1
0.140929	UL	14	0	0	12	1	1	0	2	114	0	1	1	-40.4816	255	1	1
0.141786	UL	14	1	0	10	1	1	0	22	114	0	1	0	-62.9578	255	1	1
0.141786	UL	14	1	0	10	1	1	0	22	114	0	1	0	-62.9578	255	1	1
0.141857	UL	14	1	0	11	1	1	0	9	114	0	1	2	-58.0051	255	1	1
0.141857	UL	14	1	0	11	1	1	0	9	114	0	1	2	-58.0051	255	1	1
0.142929	DL	14	2	0	1	12	1	0	28	114	0	1	3	-12.9611	0	0	0
0.144214	DL	14	4	0	1	2	1	0	27	8060	28	1	0	44.1137	15	0	0
0.144857	UL	14	4	0	11	1	1	0	12	114	0	1	3	-50.9588	255	1	1
0.144857	UL	14	4	0	11	1	1	0	12	114	0	1	3	-50.9588	255	1	1
0.145714	UL	14	5	0	9	1	1	0	2	114	0	1	2	-39.7702	255	1	1
0.145714	UL	14	5	0	9	1	1	0	2	114	0	1	2	-39.7702	255	1	1
0.145786	UL	14	5	0	10	1	1	0	25	114	0	1	2	-23.2327	255	1	1
0.145786	UL	14	5	0	10	1	1	0	25	114	0	1	2	-23.2327	255	1	1
0.145857	UL	14	5	0	11	1	1	0	6	114	0	1	2	-50.4499	255	1	1
0.145857	UL	14	5	0	11	1	1	0	6	114	0	1	2	-50.4499	255	1	1
0.145929	UL	14	5	0	12	1	1	0	4	114	0	1	2	-32.0164	255	1	1
0.145929	UL	14	5	0	12	1	1	0	4	114	0	1	2	-32.0164	255	1	1
0.146857	UL	14	6	0	11	1	1	0	9	114	0	1	3	-57.5444	255	1	1
0.146857	UL	14	6	0	11	1	1	0	9	114	0	1	3	-57.5444	255	1	1
0.146929	UL	14	6	0	12	1	1	0	22	114	0	1	1	-65.7066	255	1	1
0.146929	UL	14	6	0	12	1	1	0	22	114	0	1	1	-65.7066	255	1	1
0.147214	DL	14	7	0	1	2	1	0	7	8060	28	1	0	49.6423	15	0	0
0.150714	UL	15	0	0	9	1	1	0	4	114	0	1	3	-30.6691	255	1	1
0.150714	UL	15	0	0	9	1	1	0	4	114	0	1	3	-30.6691	255	1	1
0.150786	UL	15	0	0	10	1	1	0	6	114	0	1	3	-50.3845	255	1	1
0.150786	UL	15	0	0	10	1	1	0	6	114	0	1	3	-50.3845	255	1	1
0.150857	UL	15	0	0	11	1	1	0	25	114	0	1	3	-23.2808	255	1	1
0.150857	UL	15	0	0	11	1	1	0	25	114	0	1	3	-23.2808	255	1	1
0.150929	UL	15	0	0	12	1	1	0	2	114	0	1	3	-39.803	255	1	1
0.150929	UL	15	0	0	12	1	1	0	2	114	0	1	3	-39.803	255	1	1
0.151857	UL	15	1	0	11	1	1	0	28	114	0	1	0	-68.5727	255	1	1
0.151857	UL	15	1	0	11	1	1	0	28	114	0	1	0	-68.5727	255	1	1
0.151929	UL	15	1	0	12	1	1	0	22	114	0	1	2	-62.9804	255	1	1
0.151929	UL	15	1	0	12	1	1	0	22	114	0	1	2	-62.9804	255	1	1
0.152929	UL	15	2	0	12	1	1	0	27	539	7	1	0	-0.532442	255	1	0.999991
0.152929	UL	15	2	0	12	1	1	0	27	539	7	1	0	-0.532442	255	1	0.999991
0.155929	UL	15	5	0	12	1	1	0	7	744	9	1	0	5.65022	255	0	0
0.155929	UL	15	5	0	12	1	1	0	7	744	9	1	0	5.65022	255	0	0
0.156857	UL	15	6	0	11	1	1	0	22	114	0	1	3	-62.4628	255	1	1
0.156857	UL	15	6	0	11	1	1	0	22	114	0	1	3	-62.4628	255	1	1
0.156929	UL	15	6	0	12	1	1	0	28	114	0	1	1	-67.306	255	1	1
0.156929	UL	15	6	0	12	1	1	0	28	114	0	1	1	-67.306	255	1	1
0.157929	UL	15	7	0	12	1	1	0	27	539	7	1	1	-0.636679	255	0	0
0.157929	UL	15	7	0	12	1	1	0	27	539	7	1	1	-0.636679	255	0	0
0.159214	DL	15	9	0	1	2	1	0	10	8060	28	1	0	28.4977	15	0	0
0.159357	DL	15	9	0	3	2	1	0	26	8060	28	1	0	32.0067	15	0	8.86624e-13
0.161929	UL	16	1	0	12	1	1	0	28	114	0	1	2	-67.0275	255	1	1
0.161929	UL	16	1	0	12	1	1	0	28	114	0	1	2	-67.0275	255	1	1
0.166929	UL	16	6	0	12	1	1	0	28	114	0	1	3	-67.3732	255	1	1
0.166929	UL	16	6	0	12	1	1	0	28	114	0	1	3	-67.3732	255	1	1
0.167857	UL	16	7	0	11	1	1	0	26	114	0	1	0	-12.2085	255	1	1
0.167857	UL	16	7	0	11	1	1	0	26	114	0	1	0	-12.2085	255	1	1
0.167929	UL	16	7	0	12	1	1	0	10	114	0	1	0	-16.2889	255	1	1
0.167929	UL	16	7	0	12	1	1	0	10	114	0	1	0	-16.2889	255	1	1
0.172857	UL	17	2	0	11	1	1	0	10	114	0	1	1	-15.8836	255	1	1
0.172857	UL	17	2	0	11	1	1	0	10	114	0	1	1	-15.8836	255	1	1
0.172929	UL	17	2	0	12	1	1	0	26	114	0	1	1	-12.5319	255	1	1
0.172929	UL	17	2	0	12	1	1	0	26	114	0	1	1	-12.5319	255	1	1
0.177857	UL	17	7	0	11	1	1	0	26	114	0	1	2	-12.0826	255	1	0.585963
0.177857	UL	17	7	0	11	1	1	0	26	114	0	1	2	-12.0826	255	1	0.585963
0.177929	UL	17	7	0	12	1	1	0	10	114	0	1	2	-16.5551	255	1	1
0.177929	UL	17	7	0	12	1	1	0	10	114	0	1	2	-16.5551	255	1	1
0.179286	DL	17	9	0	1	3	1	0	7	12091	28	1	0	50.562	15	0	0
0.181286	DL	18	1	0	1	3	1	0	27	12091	28	1	0	43.5616	15	0	0
0.182857	UL	18	2	0	11	1	1	0	10	114	0	1	3	-16.3428	255	0	0.143723
0.182857	UL	18	2	0	11	1	1	0	10	114	0	1	3	-16.3428	255	0	0.143723
0.182929	UL	18	2	0	12	1	1	0	26	114	0	1	3	-11.2193	255	0	0
0.182929	UL	18	2	0	12	1	1	0	26	114	0	1	3	-11.2193	255	0	0
0.187857	UL	18	7	0	10	2	1	0	10	231	0	1	0	-16.0124	255	1	1
0.187857	UL	18	7	0	10	2	1	0	10	231	0	1	0	-16.0124	255	1	1
0.187929	UL	18	7	0	12	1	1	0	7	1081	12	1	0	6.84813	255	0	0
0.187929	UL	18	7	0	12	1	1	0	7	1081	12	1	0	6.84813	255	0	0
0.188929	UL	18	8	0	11	2	1	0	26	231	0	1	0	-11.3432	255	1	1
0.188929	UL	18	8	0	11	2	1	0	26	231	0	1	0	-11.3432	255	1	1
0.189929	UL	18	9	0	12	1	1	0	27	436	6	1	0	-0.75352	255	1	0.00456014
0.189929	UL	18	9	0	12	1	1	0	27	436	6	1	0	-0.75352	255	1	0.00456014
0.192929	UL	19	2	0	11	2	1	0	10	231	0	1	1	-16.3519	255	1	1
0.192929	UL	19	2	0	11	2	1	0	10	231	0	1	1	-16.3519	255	1	1
0.193929	UL	19	3	0	11	2	1	0	26	231	0	1	1	-11.7718	255	1	0.999996
0.193929	UL	19	3	0	11	2	1	0	26	231	0	1	1	-11.7718	255	1	0.999996
0.194857	UL	19	4	0	11	1	1	0	27	436	6	1	1	-0.863074	255	0	0
0.194857	UL	19	4	0	11	1	1	0	27	436	6	1	1	-0.863074	255	0	0
0.197929	UL	19	7	0	11	2	1	0	10	231	0	1	2	-16.1695	255	1	1
0.197929	UL	19	7	0	11	2	1	0	10	231	0	1	2	-16.1695	255	1	1
0.198857	UL	19	8	0	10	2	1	0	26	231	0	1	2	-10.8756	255	0	2.11021e-05
0.198857	UL	19	8	0	10	2	1	0	26	231	0	1	2	-10.8756	255	0	2.11021e-05
0.199929	UL	19	9	0	12	1	1	0	27	436	6	1	0	-0.367205	255	0	2.04471e-07
0.199929	UL	19	9	0	12	1	1	0	27	436	6	1	0	-0.367205	255	0	2.04471e-07
0.202929	UL	20	2	0	11	2	1	0	10	231	0	1	3	-15.1754	255	0	0.000215771
0.202929	UL	20	2	0	11	2	1	0	10	231	0	1	3	-15.1754	255	0	0.000215771
0.205143	DL	20	5	0	1	1	1	0	10	4030	28	1	0	11.7818	10	1	1
0.206143	DL	20	6	0	1	1	1	0	26	4030	28	1	0	40.3385	15	0	0
0.210857	DL	21	0	0	1	11	1	0	10	4030	28	1	1	21.2013	13	0	0
0.211286	DL	21	1	0	1	3	1	0	7	12091	28	1	0	24.9587	15	0	0.0592024
0.214929	UL	21	4	0	12	1	1	0	26	114	0	1	0	-3.70452	255	0	0
0.214929	UL	21	4	0	12	1	1	0	26	114	0	1	0	-3.70452	255	0	0
0.217286	DL	21	7	0	1	3	1	0	27	12091	28	1	0	-1.48039	3	1	1
0.218857	UL	21	8	0	11	1	1	0	10	114	0	1	0	-33.1532	255	1	1
0.218857	UL	21	8	0	11	1	1	0	10	114	0	1	0	-33.1532	255	1	1
0.219929	UL	21	9	0	12	1	1	0	7	1228	13	1	0	-18.8431	255	1	1
0.219929	UL	21	9	0	12	1	1	0	7	1228	13	1	0	-18.8431	255	1	1
0.221286	DL	22	1	0	1	3	1	0	26	12091	28	1	0	40.2598	15	0	0
0.222929	DL	22	2	0	1	12	1	0	27	12091	28	1	1	4.66169	6	1	1
0.223786	DL	22	3	0	1	10	1	0	27	2775	4	1	0	-1.83256	3	0	0
0.223857	UL	22	3	0	11	1	1	0	10	114	0	1	1	-33.3388	255	1	1
0.223857	UL	22	3	0	11	1	1	0	10	114	0	1	1	-33.3388	255	1	1
0.224643	DL	22	4	0	1	8	1	0	27	2221	4	1	0	-1.52987	3	0	0
0.224857	UL	22	4	0	11	1	1	0	7	1228	13	1	1	-18.6748	255	1	1
0.224857	UL	22	4	0	11	1	1	0	7	1228	13	1	1	-18.6748	255	1	1
0.226286	DL	22	6	0	1	3	1	0	10	9857	24	1	0	10.5962	9	1	1
0.227857	DL	22	7	0	1	11	1	0	27	12091	28	1	2	4.98685	6	1	1
0.228929	UL	22	8	0	12	1	1	0	10	114	0	1	2	-33.1102	255	1	1
0.228929	UL	22	8	0	12	1	1	0	10	114	0	1	2	-33.1102	255	1	1
0.229857	UL	22	9	0	11	1	1	0	26	216	3	1	0	-3.98416	255	0	0.00341383
0.229857	UL	22	9	0	11	1	1	0	26	216	3	1	0	-3.98416	255	0	0.00341383
0.229929	UL	22	9	0	12	1	1	0	7	1228	13	1	2	-18.9329	255	1	1
0.229929	UL	22	9	0	12	1	1	0	7	1228	13	1	2	-18.9329	255	1	1
0.231929	DL	23	1	0	1	12	1	0	10	9857	24	1	1	17.0205	12	0	0
0.232929	DL	23	2	0	1	12	1	0	27	12091	28	1	3	5.41119	6	1	1
0.233929	UL	23	3	0	12	1	1	0	10	114	0	1	3	-33.1819	255	1	1
0.233929	UL	23	3	0	12	1	1	0	10	114	0	1	3	-33.1819	255	1	1
0.234857	UL	23	4	0	10	2	1	0	26	436	3	1	0	-3.68274	255	0	1.67766e-12
0.234857	UL	23	4	0	10	2	1	0	26	436	3	1	0	-3.68274	255	0	1.67766e-12
0.234929	UL	23	4	0	12	1	1	0	7	1228	13	1	3	-18.7349	255	1	1
0.234929	UL	23	4	0	12	1	1	0	7	1228	13	1	3	-18.7349	255	1	1
0.238143	DL	23	8	0	1	1	1	0	26	4030	28	1	0	39.9513	15	0	0
0.240929	UL	24	0	0	12	1	1	0	10	114	0	1	0	-33.398	255	1	1
0.240929	UL	24	0	0	12	1	1	0	10	114	0	1	0	-33.398	255	1	1
0.245929	UL	24	5	0	12	1	1	0	10	114	0	1	1	-33.4102	255	1	1
0.245929	UL	24	5	0	12	1	1	0	10	114	0	1	1	-33.4102	255	1	1
0.246929	UL	24	6	0	12	1	1	0	26	216	3	1	0	-4.29274	255	0	0.0909669
0.246929	UL	24	6	0	12	1	1	0	26	216	3	1	0	-4.29274	255	0	0.0909669
0.250929	UL	25	0	0	12	1	1	0	10	114	0	1	2	-33.4956	255	1	1
0.250929	UL	25	0	0	12	1	1	0	10	114	0	1	2	-33.4956	255	1	1
0.252214	DL	25	2	0	1	2	1	0	26	8060	28	1	0	40.2313	15	0	0
0.255857	UL	25	5	0	11	1	1	0	10	114	0	1	3	-33.3706	255	1	1
0.255857	UL	25	5	0	11	1	1	0	10	114	0	1	3	-33.3706	255	1	1
0.257286	DL	25	7	0	1	3	1	0	26	12091	28	1	0	38.8088	15	0	0
0.260857	UL	26	0	0	11	1	1	0	26	216	3	1	0	-5.17986	255	1	0.986081
0.260857	UL	26	0	0	11	1	1	0	26	216	3	1	0	-5.17986	255	1	0.986081
0.265857	UL	26	5	0	11	1	1	0	26	216	3	1	1	-4.97455	255	0	0
0.265857	UL	26	5	0	11	1	1	0	26	216	3	1	1	-4.97455	255	0	0
0.270214	DL	27	0	0	1	2	1	0	26	8060	28	1	0	38.5211	15	0	0
0.270929	UL	27	0	0	8	5	1	0	26	803	2	1	0	-5.33134	255	0	1.64595e-06
0.270929	UL	27	0	0	8	5	1	0	26	803	2	1	0	-5.33134	255	0	1.64595e-06
0.278857	UL	27	8	0	11	1	1	0	26	158	2	1	0	-4.64032	255	0	1.96013e-10
0.278857	UL	27	8	0	11	1	1	0	26	158	2	1	0	-4.64032	255	0	1.96013e-10
0.283857	UL	28	3	0	9	3	1	0	26	480	2	1	0	-4.81817	255	0	0
0.283857	UL	28	3	0	9	3	1	0	26	480	2	1	0	-4.81817	255	0	0
0.288214	DL	28	8	0	1	2	1	0	26	8060	28	1	0	39.6401	15	0	0
0.294286	DL	29	4	0	1	3	1	0	26	12091	28	1	0	39.2079	15	0	0
0.296929	UL	29	6	0	12	1	1	0	26	158	2	1	0	-3.47056	255	0	0
0.296929	UL	29	6	0	12	1	1	0	26	158	2	1	0	-3.47056	255	0	0
0.301143	DL	30	1	0	1	1	1	0	26	4030	28	1	0	40.5024	15	0	0
0.302929	UL	30	2	0	9	4	1	0	26	876	3	1	0	-3.63722	255	0	1.57652e-13
0.302929	UL	30	2	0	9	4	1	0	26	876	3	1	0	-3.63722	255	0	1.57652e-13
0.306143	DL	30	6	0	1	1	1	0	26	4030	28	1	0	40.3944	15	0	0
0.308929	UL	30	8	0	8	5	1	0	26	1096	3	1	0	-4.29765	255	0	0.00125074
0.308929	UL	30	8	0	8	5	1	0	26	1096	3	1	0	-4.29765	255	0	0.00125074
0.314929	UL	31	4	0	12	1	1	0	26	216	3	1	0	-3.09956	255	0	1.2923e-12
0.314929	UL	31	4	0	12	1	1	0	26	216	3	1	0	-3.09956	255	0	1.2923e-12
0.320143	DL	32	0	0	1	1	1	0	26	4030	28	1	0	40.3365	15	0	0
0.320929	UL	32	0	0	12	1	1	0	26	275	4	1	0	-3.86477	255	1	0.908955
0.320929	UL	32	0	0	12	1	1	0	26	275	4	1	0	-3.86477	255	1	0.908955
0.325929	UL	32	5	0	12	1	1	0	26	275	4	1	1	-3.23979	255	0	0
0.325929	UL	32	5	0	12	1	1	0	26	275	4	1	1	-3.23979	255	0	0
0.326214	DL	32	6	0	1	2	1	0	26	8060	28	1	0	40.2303	15	0	0
0.328929	UL	32	8	0	12	1	1	0	26	216	3	1	0	-3.41953	255	0	4.87509e-08
0.328929	UL	32	8	0	12	1	1	0	26	216	3	1	0	-3.41953	255	0	4.87509e-08
0.331857	UL	33	1	0	11	1	1	0	27	436	6	1	0	-8.66845	255	1	1
0.331857	UL	33	1	0	11	1	1	0	27	436	6	1	0	-8.66845	255	1	1
0.331929	UL	33	1	0	12	1	1	0	26	216	3	1	0	-3.31461	255	0	1.41083e-09
0.331929	UL	33	1	0	12	1	1	0	26	216	3	1	0	-3.31461	255	0	1.41083e-09
0.332214	DL	33	2	0	1	2	1	0	26	8060	28	1	0	40.7536	15	0	0
0.335857	UL	33	5	0	11	1	1	0	26	216	3	1	0	-3.13134	255	0	3.35343e-12
0.335857	UL	33	5	0	11	1	1	0	26	216	3	1	0	-3.13134	255	0	3.35343e-12
0.336929	UL	33	6	0	12	1	1	0	27	436	6	1	1	-8.8421	255	1	1
0.336929	UL	33	6	0	12	1	1	0	27	436	6	1	1	-8.8421	255	1	1
0.337929	UL	33	7	0	11	2	1	0	26	436	3	1	0	-2.73987	255	0	0
0.337929	UL	33	7	0	11	2	1	0	26	436	3	1	0	-2.73987	255	0	0
0.338143	DL	33	8	0	1	1	1	0	26	4030	28	1	0	41.2279	15	0	0
0.340857	UL	34	0	0	8	4	1	0	26	1110	4	1	0	-2.93376	255	0	8.36207e-08
0.340857	UL	34	0	0	8	4	1	0	26	1110	4	1	0	-2.93376	255	0	8.36207e-08
0.341929	UL	34	1	0	12	1	1	0	27	436	6	1	2	-10.0938	255	1	1
0.341929	UL	34	1	0	12	1	1	0	27	436	6	1	2	-10.0938	255	1	1
0.343929	UL	34	3	0	11	2	1	0	26	553	4	1	0	-3.38471	255	0	0.0658963
0.343929	UL	34	3	0	11	2	1	0	26	553	4	1	0	-3.38471	255	0	0.0658963
0.346857	UL	34	6	0	11	1	1	0	26	275	4	1	0	-3.7473	255	1	0.805765
0.346929	UL	34	6	0	12	1	1	0	27	436	6	1	3	-10.0822	255	0	4.16334e-15
0.346929	UL	34	6	0	12	1	1	0	27	436	6	1	3	-10.0822	255	0	4.16334e-15
0.349143	DL	34	9	0	1	1	1	0	26	4030	28	1	0	41.0325	15	0	0
0.351929	UL	35	1	0	12	1	1	0	26	275	4	1	1	-3.65118	255	0	0
0.352143	DL	35	2	0	1	1	1	0	26	4030	28	1	0	40.638	15	0	0
0.352929	UL	35	2	0	12	1	1	0	27	114	0	1	0	-9.30342	255	1	1
0.352929	UL	35	2	0	12	1	1	0	27	114	0	1	0	-9.30342	255	1	1
0.355143	DL	35	5	0	1	1	1	0	26	4030	28	1	0	41.3149	15	0	0
0.357857	UL	35	7	0	11	1	1	0	26	216	3	1	0	-2.53023	255	0	0
0.357857	UL	35	7	0	11	1	1	0	26	216	3	1	0	-2.53023	255	0	0
0.357929	UL	35	7	0	12	1	1	0	27	114	0	1	1	-10.075	255	0	0.0255805
0.357929	UL	35	7	0	12	1	1	0	27	114	0	1	1	-10.075	255	0	0.0255805
0.358143	DL	35	8	0	1	1	1	0	26	4030	28	1	0	40.7453	15	0	0
0.361214	DL	36	1	0	1	2	1	0	26	8060	28	1	0	41.2692	15	0	0
0.363143	DL	36	3	0	1	1	1	0	26	4030	28	1	0	40.7831	15	0	0
0.363857	UL	36	3	0	11	1	1	0	26	275	4	1	0	-2.97452	255	0	0.00853265
0.363857	UL	36	3	0	11	1	1	0	26	275	4	1	0	-2.97452	255	0	0.00853265
0.367143	DL	36	7	0	1	1	1	0	26	4030	28	1	0	40.2427	15	0	0
0.368929	UL	36	8	0	12	1	1	0	26	275	4	1	0	-2.89067	255	0	0.00277681
0.368929	UL	36	8	0	12	1	1	0	26	275	4	1	0	-2.89067	255	0	0.00277681
0.370429	DL	37	0	0	1	5	1	0	27	4382	10	1	0	34.0511	15	0	0
0.374929	UL	37	4	0	10	3	1	0	26	832	4	1	0	-3.6659	255	1	0.923419
0.374929	UL	37	4	0	10	3	1	0	26	832	4	1	0	-3.6659	255	1	0.923419
0.378857	UL	37	8	0	11	1	1	0	27	114	0	1	0	-9.20263	255	1	1
0.378857	UL	37	8	0	11	1	1	0	27	114	0	1	0	-9.20263	255	1	1
0.379929	UL	37	9	0	10	3	1	0	26	832	4	1	1	-3.28814	255	0	0
0.379929	UL	37	9	0	10	3	1	0	26	832	4	1	1	-3.28814	255	0	0
0.380286	DL	38	0	0	1	3	1	0	26	12091	28	1	0	40.9009	15	0	0
0.381143	DL	38	1	0	1	1	1	0	27	4030	28	1	0	35.1001	15	0	0
0.383857	UL	38	3	0	11	1	1	0	27	114	0	1	1	-8.81124	255	0	2.01288e-05
0.383857	UL	38	3	0	11	1	1	0	27	114	0	1	1	-8.81124	255	0	2.01288e-05
0.385929	UL	38	5	0	12	1	1	0	26	216	3	1	0	-3.3399	255	0	3.22106e-09
0.385929	UL	38	5	0	12	1	1	0	26	216	3	1	0	-3.3399	255	0	3.22106e-09
0.386143	DL	38	6	0	1	1	1	0	26	4030	28	1	0	40.0867	15	0	0
0.388929	UL	38	8	0	9	4	1	0	27	466	0	1	0	-8.21198	255	1	1
0.388929	UL	38	8	0	9	4	1	0	27	466	0	1	0	-8.21198	255	1	1
0.391929	UL	39	1	0	9	4	1	0	26	876	3	1	0	-2.95291	255	0	0
0.391929	UL	39	1	0	9	4	1	0	26	876	3	1	0	-2.95291	255	0	0
0.392143	DL	39	2	0	1	1	1	0	26	4030	28	1	0	40.6551	15	0	0
0.393929	UL	39	3	0	9	4	1	0	27	466	0	1	1	-8.14828	255	0	0
0.393929	UL	39	3	0	9	4	1	0	27	466	0	1	1	-8.14828	255	0	0
0.400929	UL	40	0	0	12	1	1	0	26	275	4	1	0	-3.17292	255	0	0.0647725
0.400929	UL	40	0	0	12	1	1	0	26	275	4	1	0	-3.17292	255	0	0.0647725
0.403214	DL	40	3	0	1	2	1	0	26	8060	28	1	0	40.4704	15	0	0
0.406143	DL	40	6	0	1	1	1	0	27	4030	28	1	0	12.68	10	1	1
0.409143	DL	40	9	0	1	1	1	0	26	4030	28	1	0	40.8526	15	0	0
0.411857	DL	41	1	0	1	11	1	0	27	4030	28	1	1	21.7546	14	0	0
0.411929	UL	41	1	0	12	1	1	0	26	275	4	1	0	-2.79397	255	0	0.000640631
0.411929	UL	41	1	0	12	1	1	0	26	275	4	1	0	-2.79397	255	0	0.000640631
0.415286	DL	41	5	0	1	3	1	0	26	12091	28	1	0	41.7462	15	0	0
0.417214	DL	41	7	0	1	2	1	0	27	7448	26	1	0	13.9379	10	1	1
0.417929	UL	41	7	0	12	1	1	0	26	275	4	1	0	-3.37435	255	0	0.254486
0.417929	UL	41	7	0	12	1	1	0	26	275	4	1	0	-3.37435	255	0	0.254486
0.419929	UL	41	9	0	12	1	1	0	27	114	0	1	0	-30.2977	255	1	1
0.419929	UL	41	9	0	12	1	1	0	27	114	0	1	0	-30.2977	255	1	1
0.422929	DL	42	2	0	1	12	1	0	27	7448	26	1	1	19.1033	13	0	0
0.423929	UL	42	3	0	12	1	1	0	26	216	3	1	0	-2.1942	255	0	0
0.423929	UL	42	3	0	12	1	1	0	26	216	3	1	0	-2.1942	255	0	0
0.424143	DL	42	4	0	1	1	1	0	26	4030	28	1	0	41.994	15	0	0
0.424929	UL	42	4	0	12	1	1	0	27	114	0	1	1	-30.4801	255	1	1
0.424929	UL	42	4	0	12	1	1	0	27	114	0	1	1	-30.4801	255	1	1
0.429857	UL	42	9	0	11	1	1	0	26	348	5	1	0	-1.40677	255	0	4.21885e-15
0.429857	UL	42	9	0	11	1	1	0	26	348	5	1	0	-1.40677	255	0	4.21885e-15
0.429929	UL	42	9	0	12	1	1	0	27	114	0	1	2	-29.5376	255	1	1
0.429929	UL	42	9	0	12	1	1	0	27	114	0	1	2	-29.5376	255	1	1
0.431929	UL	43	1	0	12	1	1	0	27	114	0	1	0	-29.8512	255	1	1
0.431929	UL	43	1	0	12	1	1	0	27	114	0	1	0	-29.8512	255	1	1
0.434786	UL	43	4	0	10	1	1	0	26	348	5	1	0	-1.15936	255	0	0
0.434786	UL	43	4	0	10	1	1	0	26	348	5	1	0	-1.15936	255	0	0
0.434857	UL	43	4	0	11	1	1	0	27	114	0	1	3	-30.5475	255	1	1
0.434857	UL	43	4	0	11	1	1	0	27	114	0	1	3	-30.5475	255	1	1
0.435214	DL	43	5	0	1	2	1	0	26	8060	28	1	0	42.2572	15	0	0
0.436857	UL	43	6	0	11	1	1	0	27	114	0	1	1	-30.5848	255	1	1
0.436857	UL	43	6	0	11	1	1	0	27	114	0	1	1	-30.5848	255	1	1
0.441214	DL	44	1	0	1	2	1	0	26	8060	28	1	0	42.5268	15	0	0
0.441929	UL	44	1	0	12	1	1	0	27	114	0	1	2	-30.7711	255	1	1
0.441929	UL	44	1	0	12	1	1	0	27	114	0	1	2	-30.7711	255	1	1
0.443857	UL	44	3	0	11	1	1	0	26	436	6	1	0	-2.32741	255	1	0.999996
0.443857	UL	44	3	0	11	1	1	0	26	436	6	1	0	-2.32741	255	1	0.999996
0.446929	UL	44	6	0	12	1	1	0	27	114	0	1	3	-29.8039	255	1	1
0.446929	UL	44	6	0	12	1	1	0	27	114	0	1	3	-29.8039	255	1	1
0.447143	DL	44	7	0	1	1	1	0	26	4030	28	1	0	42.2208	15	0	0
0.448929	UL	44	8	0	12	1	1	0	26	436	6	1	1	-2.94664	255	0	0
0.448929	UL	44	8	0	12	1	1	0	26	436	6	1	1	-2.94664	255	0	0
0.452214	DL	45	2	0	1	2	1	0	26	8060	28	1	0	41.9126	15	0	0
0.454929	UL	45	4	0	10	3	1	0	26	832	4	1	0	-2.05782	255	0	0
0.454929	UL	45	4	0	10	3	1	0	26	832	4	1	0	-2.05782	255	0	0
0.457143	DL	45	7	0	1	1	1	0	26	4030	28	1	0	41.2662	15	0	0
0.460929	UL	46	0	0	12	1	1	0	26	348	5	1	0	-2.33542	255	0	0.0802153
0.460929	UL	46	0	0	12	1	1	0	26	348	5	1	0	-2.33542	255	0	0.0802153
0.466929	UL	46	6	0	10	3	1	0	26	1052	5	1	0	-2.35695	255	0	0.103836
0.466929	UL	46	6	0	10	3	1	0	26	1052	5	1	0	-2.35695	255	0	0.103836
0.472143	DL	47	2	0	1	1	1	0	26	4030	28	1	0	42.0334	15	0	0
0.478214	DL	47	8	0	1	2	1	0	26	8060	28	1	0	42.4965	15	0	0
0.480929	UL	48	0	0	12	1	1	0	26	275	4	1	0	-1.02596	255	0	0
0.480929	UL	48	0	0	12	1	1	0	26	275	4	1	0	-1.02596	255	0	0
0.484143	DL	48	4	0	1	1	1	0	26	4030	28	1	0	43.3137	15	0	0
0.486929	UL	48	6	0	12	1	1	0	26	436	6	1	0	-1.77234	255	1	0.850267
0.486929	UL	48	6	0	12	1	1	0	26	436	6	1	0	-1.77234	255	1	0.850267
0.490214	DL	49	0	0	1	2	1	0	26	8060	28	1	0	42.5877	15	0	0
0.491929	UL	49	1	0	12	1	1	0	26	436	6	1	1	-2.27977	255	0	0
0.491929	UL	49	1	0	12	1	1	0	26	436	6	1	1	-2.27977	255	0	0
0.497929	UL	49	7	0	11	2	1	0	26	700	5	1	0	-1.5158	255	0	0
0.497929	UL	49	7	0	11	2	1	0	26	700	5	1	0	-1.5158	255	0	0
0.504143	DL	50	4	0	1	1	1	0	26	4030	28	1	0	41.8285	15	0	0
0.512929	UL	51	2	0	12	1	1	0	26	348	5	1	0	-1.36507	255	0	2.77556e-16
0.512929	UL	51	2	0	12	1	1	0	26	348	5	1	0	-1.36507	255	0	2.77556e-16
0.515143	DL	51	5	0	1	1	1	0	26	4030	28	1	0	42.0435	15	0	0
0.521286	DL	52	1	0	1	3	1	0	26	12091	28	1	0	42.1287	15	0	0
0.523857	UL	52	3	0	11	1	1	0	26	436	6	1	0	-1.48954	255	0	0.223802
0.523857	UL	52	3	0	11	1	1	0	26	436	6	1	0	-1.48954	255	0	0.223802
0.529929	UL	52	9	0	12	1	1	0	26	348	5	1	0	-2.89963	255	1	0.985308
0.529929	UL	52	9	0	12	1	1	0	26	348	5	1	0	-2.89963	255	1	0.985308
0.534929	UL	53	4	0	12	1	1	0	26	348	5	1	1	-2.55081	255	0	0
0.534929	UL	53	4	0	12	1	1	0	26	348	5	1	1	-2.55081	255	0	0
0.536143	DL	53	6	0	1	1	1	0	26	4030	28	1	0	41.9323	15	0	0
0.540929	UL	54	0	0	12	1	1	0	26	275	4	1	0	-2.46165	255	0	1.3472e-06
0.540929	UL	54	0	0	12	1	1	0	26	275	4	1	0	-2.46165	255	0	1.3472e-06
0.546143	DL	54	6	0	1	1	1	0	26	4030	28	1	0	41.8378	15	0	0
0.546929	UL	54	6	0	12	1	1	0	26	275	4	1	0	-2.42804	255	0	5.28306e-07
0.546929	UL	54	6	0	12	1	1	0	26	275	4	1	0	-2.42804	255	0	5.28306e-07
0.554929	UL	55	4	0	12	1	1	0	26	275	4	1	0	-2.40134	255	0	3.29564e-07
0.554929	UL	55	4	0	12	1	1	0	26	275	4	1	0	-2.40134	255	0	3.29564e-07
0.558214	DL	55	8	0	1	2	1	0	26	8060	28	1	0	40.8838	15	0	0
0.560929	UL	56	0	0	12	1	1	0	26	275	4	1	0	-3.23928	255	0	0.121994
0.560929	UL	56	0	0	12	1	1	0	26	275	4	1	0	-3.23928	255	0	0.121994
0.564214	DL	56	4	0	1	2	1	0	26	8060	28	1	0	40.9287	15	0	0
0.566929	UL	56	6	0	12	1	1	0	26	216	3	1	0	-2.67402	255	0	0
0.566929	UL	56	6	0	12	1	1	0	26	216	3	1	0	-2.67402	255	0	0
0.570143	DL	57	0	0	1	1	1	0	26	4030	28	1	0	41.7756	15	0	0
0.572929	UL	57	2	0	10	3	1	0	26	832	4	1	0	-2.03544	255	0	0
0.572929	UL	57	2	0	10	3	1	0	26	832	4	1	0	-2.03544	255	0	0
0.578143	DL	57	8	0	1	1	1	0	26	4030	28	1	0	42.6178	15	0	0
0.578857	UL	57	8	0	11	1	1	0	26	348	5	1	0	-2.12029	255	0	0.00223921
0.578857	UL	57	8	0	11	1	1	0	26	348	5	1	0	-2.12029	255	0	0.00223921
0.584143	DL	58	4	0	1	1	1	0	26	4030	28	1	0	41.8879	15	0	0
0.586929	UL	58	6	0	12	1	1	0	26	348	5	1	0	-2.01309	255	0	0.000231139
0.586929	UL	58	6	0	12	1	1	0	26	348	5	1	0	-2.01309	255	0	0.000231139
0.590143	DL	59	0	0	1	1	1	0	26	4030	28	1	0	41.3806	15	0	0
0.592929	UL	59	2	0	12	1	1	0	26	348	5	1	0	-1.56152	255	0	1.42395e-11
0.592929	UL	59	2	0	12	1	1	0	26	348	5	1	0	-1.56152	255	0	1.42395e-11
0.596214	DL	59	6	0	1	2	1	0	26	8060	28	1	0	42.1075	15	0	0
0.598857	UL	59	8	0	11	1	1	0	26	348	5	1	0	-2.30326	255	0	0.0502137
0.598857	UL	59	8	0	11	1	1	0	26	348	5	1	0	-2.30326	255	0	0.0502137
0.601143	DL	60	1	0	1	1	1	0	26	4030	28	1	0	41.4103	15	0	0
0.604857	UL	60	4	0	11	1	1	0	26	348	5	1	0	-1.86269	255	0	2.66161e-06
0.604857	UL	60	4	0	11	1	1	0	26	348	5	1	0	-1.86269	255	0	2.66161e-06
0.609929	UL	60	9	0	12	1	1	0	26	348	5	1	0	-65.8417	255	1	1
0.609929	UL	60	9	0	12	1	1	0	26	348	5	1	0	-65.8417	255	1	1
0.610143	DL	61	0	0	1	1	1	0	26	4030	28	1	0	-21.8468	0	1	1
0.614929	UL	61	4	0	12	1	1	0	26	348	5	1	1	-62.3958	255	1	1
0.614929	UL	61	4	0	12	1	1	0	26	348	5	1	1	-62.3958	255	1	1
0.615857	DL	61	5	0	1	11	1	0	26	4030	28	1	1	-18.972	0	1	1
0.616857	DL	61	6	0	1	11	1	0	26	1286	0	1	0	-18.452	0	1	1
0.619929	UL	61	9	0	12	1	1	0	26	348	5	1	2	-63.2864	255	1	1
0.619929	UL	61	9	0	12	1	1	0	26	348	5	1	2	-63.2864	255	1	1
0.620929	DL	62	0	0	1	12	1	0	26	4030	28	1	2	-10.2428	0	1	1
0.621857	DL	62	1	0	1	11	1	0	26	1286	0	1	1	-17.1927	0	1	1
0.622929	DL	62	2	0	1	12	1	0	26	1404	0	1	0	-19.1102	0	1	1
0.623714	DL	62	3	0	1	9	1	0	26	1052	0	1	0	-18.0275	0	1	1
0.624857	UL	62	4	0	11	1	1	0	26	348	5	1	3	-64.9862	255	1	1
0.624857	UL	62	4	0	11	1	1	0	26	348	5	1	3	-64.9862	255	1	1
0.625929	DL	62	5	0	1	12	1	0	26	4030	28	1	3	-5.84443	0	1	1
0.626929	DL	62	6	0	1	12	1	0	26	1286	0	1	2	-18.9501	0	1	1
0.627857	DL	62	7	0	1	11	1	0	26	1286	0	1	0	-16.5175	0	1	1
0.628929	DL	62	8	0	1	12	1	0	26	1404	0	1	1	-23.0368	0	1	1
0.629929	DL	62	9	0	1	12	1	0	26	1052	0	1	1	-14.1337	0	1	1
0.630929	DL	63	0	0	1	12	1	0	26	1404	0	1	0	-17.1075	0	1	1
0.631929	DL	63	1	0	1	12	1	0	26	1286	0	1	3	-20.0875	0	1	1
0.632929	DL	63	2	0	1	12	1	0	26	1286	0	1	1	-18.9427	0	1	1
0.633929	DL	63	3	0	1	12	1	0	26	1404	0	1	2	-17.4208	0	1	1
0.634929	DL	63	4	0	1	12	1	0	26	1052	0	1	2	-19.8814	0	1	1
0.635929	DL	63	5	0	1	12	1	0	26	1404	0	1	1	-18.1596	0	1	1
0.636929	DL	63	6	0	1	12	1	0	26	1404	0	1	0	-19.744	0	1	1
0.637929	DL	63	7	0	1	12	1	0	26	1286	0	1	2	-18.3342	0	1	1
0.638929	DL	63	8	0	1	12	1	0	26	1404	0	1	3	-18.9414	0	1	1
0.639929	DL	63	9	0	1	12	1	0	26	1052	0	1	3	-20.8746	0	0	0.300268
0.640929	DL	64	0	0	1	12	1	0	26	1404	0	1	2	-19.3107	0	1	1
0.641929	DL	64	1	0	1	12	1	0	26	1404	0	1	1	-20.4308	0	1	1
0.642929	DL	64	2	0	1	12	1	0	26	1286	0	1	3	-19.3731	0	1	1
0.643929	DL	64	3	0	1	12	1	0	26	1404	0	1	0	-17.0117	0	1	1
0.644929	DL	64	4	0	1	12	1	0	26	1404	0	1	0	-21.2206	0	1	1
0.645929	DL	64	5	0	1	12	1	0	26	1404	0	1	3	-18.2631	0	1	1
0.646929	DL	64	6	0	1	12	1	0	26	1404	0	1	2	-17.9702	0	1	1
0.647214	DL	64	7	0	1	2	1	0	26	231	0	1	0	-20.1736	0	1	1
0.648929	DL	64	8	0	1	12	1	0	26	1404	0	1	1	-18.8851	0	1	1
0.650929	DL	65	0	0	1	12	1	0	26	1404	0	1	1	-20.4389	0	1	1
0.651929	DL	65	1	0	1	12	1	0	26	1404	0	1	3	-15.8479	0	1	1
0.652929	DL	65	2	0	1	12	1	0	26	231	0	1	1	-11.084	0	1	1
0.653929	DL	65	3	0	1	12	1	0	26	1404	0	1	2	-18.2646	0	1	1
0.656929	DL	65	6	0	1	12	1	0	26	1404	0	1	2	-19.4407	0	1	1
0.657929	DL	65	7	0	1	12	1	0	26	231	0	1	2	-13.3546	0	1	0.999908
0.659929	DL	65	9	0	1	12	1	0	26	1404	0	1	3	-17.9009	0	1	1
0.661929	DL	66	1	0	1	12	1	0	26	1404	0	1	3	-19.4982	0	1	1
0.662929	DL	66	2	0	1	12	1	0	26	231	0	1	3	-15.2577	0	0	0
0.748929	UL	74	8	0	12	1	1	0	26	114	0	1	0	-45.2069	255	1	1
0.748929	UL	74	8	0	12	1	1	0	26	114	0	1	0	-45.2069	255	1	1
0.753929	UL	75	3	0	12	1	1	0	26	114	0	1	1	-45.6636	255	1	1
0.753929	UL	75	3	0	12	1	1	0	26	114	0	1	1	-45.6636	255	1	1
0.758857	UL	75	8	0	11	1	1	0	26	114	0	1	2	-45.9816	255	1	1
0.758857	UL	75	8	0	11	1	1	0	26	114	0	1	2	-45.9816	255	1	1
0.763857	UL	76	3	0	11	1	1	0	26	114	0	1	3	-45.9474	255	1	1
0.763857	UL	76	3	0	11	1	1	0	26	114	0	1	3	-45.9474	255	1	1
1.21114	DL	121	1	0	1	1	1	0	7	4030	28	1	0	41.6528	15	0	0
1.21993	UL	121	9	0	12	1	1	0	7	114	0	1	0	-2.5553	255	0	0
1.21993	UL	121	9	0	12	1	1	0	7	114	0	1	0	-2.5553	255	0	0
1.22614	DL	122	6	0	1	1	1	0	10	2849	22	1	0	38.1308	15	0	0
1.34329	DL	134	3	0	1	3	1	0	7	12091	28	1	0	18.844	13	1	1
1.34893	DL	134	8	0	1	12	1	0	7	12091	28	1	1	25.005	14	0	0
1.35793	UL	135	7	0	12	1	1	0	7	275	4	1	0	-24.8279	255	1	1
1.35793	UL	135	7	0	12	1	1	0	7	275	4	1	0	-24.8279	255	1	1
1.36293	UL	136	2	0	12	1	1	0	7	275	4	1	1	-25.94	255	1	1
1.36293	UL	136	2	0	12	1	1	0	7	275	4	1	1	-25.94	255	1	1
1.36793	UL	136	7	0	12	1	1	0	7	275	4	1	2	-26.0225	255	1	1
1.36793	UL	136	7	0	12	1	1	0	7	275	4	1	2	-26.0225	255	1	1
1.37293	UL	137	2	0	12	1	1	0	7	275	4	1	3	-25.4714	255	1	1
1.37293	UL	137	2	0	12	1	1	0	7	275	4	1	3	-25.4714	255	1	1
1.41714	DL	141	7	0	1	1	1	0	27	3285	24	1	0	15.012	11	1	1
1.42293	DL	142	2	0	1	12	1	0	27	3285	24	1	1	26.6616	15	0	0
1.6275	DL	162	7	0	1	6	1	0	26	700	0	1	0	-6.4149	0	0	7.26385e-11
1.63593	UL	163	5	0	12	1	1	0	26	114	0	1	0	-50.4988	255	1	1
1.63593	UL	163	5	0	12	1	1	0	26	114	0	1	0	-50.4988	255	1	1
1.64093	UL	164	0	0	12	1	1	0	26	114	0	1	1	-50.3151	255	1	1
1.64093	UL	164	0	0	12	1	1	0	26	114	0	1	1	-50.3151	255	1	1
1.64586	UL	164	5	0	11	1	1	0	26	114	0	1	2	-49.6615	255	1	1
1.64586	UL	164	5	0	11	1	1	0	26	114	0	1	2	-49.6615	255	1	1
1.65086	UL	165	0	0	11	1	1	0	26	114	0	1	3	-49.4844	255	1	1
1.65086	UL	165	0	0	11	1	1	0	26	114	0	1	3	-49.4844	255	1	1
2.34314	DL	234	3	0	1	1	1	0	7	3725	26	1	0	0.347534	4	1	1
2.34893	DL	234	8	0	1	12	1	0	7	3725	26	1	1	10.8576	9	0	0.00172669
3.11314	DL	311	3	0	1	1	1	0	21	114	0	1	0	24.0124	14	0	0
3.11414	DL	311	4	0	1	1	1	0	5	114	0	1	0	27.8478	15	0	0
3.11514	DL	311	5	0	1	1	1	0	3	114	0	1	0	21.5014	13	0	0
3.11521	DL	311	5	0	2	1	1	0	12	114	0	1	0	9.9359	9	0	0
3.11529	DL	311	5	0	3	1	1	0	23	114	0	1	0	18.5206	12	0	0
3.11614	DL	311	6	0	1	1	1	0	8	114	0	1	0	5.69763	6	0	0
3.11621	DL	311	6	0	2	1	1	0	24	114	0	1	0	42.2047	15	0	0
3.11714	DL	311	7	0	1	1	1	0	1	114	0	1	0	11.2394	9	0	0
3.11721	DL	311	7	0	2	1	1	0	9	114	0	1	0	42.619	15	0	0
3.11729	DL	311	7	0	3	1	1	0	11	114	0	1	0	14.3032	11	0	0
3.11814	DL	311	8	0	1	1	1	0	22	114	0	1	0	11.8603	9	0	0
3.11914	DL	311	9	0	1	1	1	0	6	114	0	1	0	6.51111	7	0	0
3.12114	DL	312	1	0	1	1	1	0	2	114	0	1	0	23.951	14	0	0
3.12121	DL	312	1	0	2	1	1	0	25	114	0	1	0	-6.76263	0	0	0.188319
3.12193	UL	312	1	0	12	1	1	0	21	114	0	1	0	-19.7503	255	1	1
3.12193	UL	312	1	0	12	1	1	0	21	114	0	1	0	-19.7503	255	1	1
3.12214	DL	312	2	0	1	1	1	0	4	114	0	1	0	22.3695	14	0	0
3.12221	DL	312	2	0	2	1	1	0	28	114	0	1	0	39.0584	15	0	0
3.12386	UL	312	3	0	11	1	1	0	12	114	0	1	0	-33.474	255	1	1
3.12386	UL	312	3	0	11	1	1	0	12	114	0	1	0	-33.474	255	1	1
3.12393	UL	312	3	0	12	1	1	0	3	114	0	1	0	-23.1215	255	1	1
3.12393	UL	312	3	0	12	1	1	0	3	114	0	1	0	-23.1215	255	1	1
3.12493	UL	312	4	0	12	1	1	0	8	114	0	1	0	-36.9376	255	1	1
3.12493	UL	312	4	0	12	1	1	0	8	114	0	1	0	-36.9376	255	1	1
3.12579	UL	312	5	0	10	1	1	0	11	114	0	1	0	-29.8778	255	1	1
3.12579	UL	312	5	0	10	1	1	0	11	114	0	1	0	-29.8778	255	1	1
3.12586	UL	312	5	0	11	1	1	0	9	114	0	1	0	-1.80083	255	0	0
3.12586	UL	312	5	0	11	1	1	0	9	114	0	1	0	-1.80083	255	0	0
3.12593	UL	312	5	0	12	1	1	0	1	114	0	1	0	-33.1774	255	1	1
3.12593	UL	312	5	0	12	1	1	0	1	114	0	1	0	-33.1774	255	1	1
3.12686	UL	312	6	0	11	1	1	0	22	114	0	1	0	-31.9134	255	1	1
3.12686	UL	312	6	0	11	1	1	0	22	114	0	1	0	-31.9134	255	1	1
3.12693	UL	312	6	0	12	1	1	0	21	114	0	1	1	-19.6056	255	1	1
3.12693	UL	312	6	0	12	1	1	0	21	114	0	1	1	-19.6056	255	1	1
3.12793	UL	312	7	0	12	1	1	0	6	114	0	1	0	-37.4178	255	1	1
3.12793	UL	312	7	0	12	1	1	0	6	114	0	1	0	-37.4178	255	1	1
3.12886	UL	312	8	0	11	1	1	0	3	114	0	1	1	-22.8481	255	1	1
3.12886	UL	312	8	0	11	1	1	0	3	114	0	1	1	-22.8481	255	1	1
3.12893	UL	312	8	0	12	1	1	0	12	114	0	1	1	-34.1121	255	1	1
3.12893	UL	312	8	0	12	1	1	0	12	114	0	1	1	-34.1121	255	1	1
3.12971	UL	312	9	0	9	1	1	0	25	114	0	1	0	-50.1972	255	1	1
3.12971	UL	312	9	0	9	1	1	0	25	114	0	1	0	-50.1972	255	1	1
3.12979	UL	312	9	0	10	1	1	0	2	114	0	1	0	-19.5523	255	1	1
3.12979	UL	312	9	0	10	1	1	0	2	114	0	1	0	-19.5523	255	1	1
3.12986	UL	312	9	0	11	1	1	0	8	114	0	1	1	-37.436	255	1	1
3.12986	UL	312	9	0	11	1	1	0	8	114	0	1	1	-37.436	255	1	1
3.13064	UL	313	0	0	8	1	1	0	28	114	0	1	0	-4.81596	255	0	0
3.13064	UL	313	0	0	8	1	1	0	28	114	0	1	0	-4.81596	255	0	0
3.13071	UL	313	0	0	9	1	1	0	4	114	0	1	0	-22.3077	255	1	1
3.13071	UL	313	0	0	9	1	1	0	4	114	0	1	0	-22.3077	255	1	1
3.13079	UL	313	0	0	10	1	1	0	9	348	5	1	0	-1.68833	255	0	5.11949e-06
3.13079	UL	313	0	0	10	1	1	0	9	348	5	1	0	-1.68833	255	0	5.11949e-06
3.13086	UL	313	0	0	11	1	1	0	1	114	0	1	1	-32.6207	255	1	1
3.13086	UL	313	0	0	11	1	1	0	1	114	0	1	1	-32.6207	255	1	1
3.13093	UL	313	0	0	12	1	1	0	11	114	0	1	1	-30.0233	255	1	1
3.13093	UL	313	0	0	12	1	1	0	11	114	0	1	1	-30.0233	255	1	1
3.13186	UL	313	1	0	11	1	1	0	21	114	0	1	2	-19.8189	255	1	1
3.13186	UL	313	1	0	11	1	1	0	21	114	0	1	2	-19.8189	255	1	1
3.13193	UL	313	1	0	12	1	1	0	22	114	0	1	1	-31.8805	255	1	1
3.13193	UL	313	1	0	12	1	1	0	22	114	0	1	1	-31.8805	255	1	1
3.13293	UL	313	2	0	12	1	1	0	6	114	0	1	1	-37.2797	255	1	1
3.13293	UL	313	2	0	12	1	1	0	6	114	0	1	1	-37.2797	255	1	1
3.13386	UL	313	3	0	11	1	1	0	12	114	0	1	2	-34.3775	255	1	1
3.13386	UL	313	3	0	11	1	1	0	12	114	0	1	2	-34.3775	255	1	1
3.13393	UL	313	3	0	12	1	1	0	3	114	0	1	2	-23.46	255	1	1
3.13393	UL	313	3	0	12	1	1	0	3	114	0	1	2	-23.46	255	1	1
3.13471	UL	313	4	0	9	1	1	0	8	114	0	1	2	-38.6298	255	1	1
3.13471	UL	313	4	0	9	1	1	0	8	114	0	1	2	-38.6298	255	1	1
3.13479	UL	313	4	0	10	1	1	0	2	114	0	1	1	-19.6793	255	1	1
3.13479	UL	313	4	0	10	1	1	0	2	114	0	1	1	-19.6793	255	1	1
3.13486	UL	313	4	0	11	1	1	0	25	114	0	1	1	-50.1235	255	1	1
3.13486	UL	313	4	0	11	1	1	0	25	114	0	1	1	-50.1235	255	1	1
3.13557	UL	313	5	0	7	1	1	0	25	114	0	1	0	-50.2162	255	1	1
3.13557	UL	313	5	0	7	1	1	0	25	114	0	1	0	-50.2162	255	1	1
3.13564	UL	313	5	0	8	1	1	0	2	114	0	1	0	-19.8261	255	1	1
3.13564	UL	313	5	0	8	1	1	0	2	114	0	1	0	-19.8261	255	1	1
3.13571	UL	313	5	0	9	1	1	0	11	114	0	1	2	-29.6109	255	1	1
3.13571	UL	313	5	0	9	1	1	0	11	114	0	1	2	-29.6109	255	1	1
3.13579	UL	313	5	0	10	1	1	0	1	114	0	1	2	-32.7286	255	1	1
3.13579	UL	313	5	0	10	1	1	0	1	114	0	1	2	-32.7286	255	1	1
3.13586	UL	313	5	0	11	1	1	0	4	114	0	1	1	-22.0575	255	1	1
3.13586	UL	313	5	0	11	1	1	0	4	114	0	1	1	-22.0575	255	1	1
3.13679	UL	313	6	0	10	1	1	0	6	114	0	1	0	-37.3852	255	1	1
3.13679	UL	313	6	0	10	1	1	0	6	114	0	1	0	-37.3852	255	1	1
3.13686	UL	313	6	0	11	1	1	0	22	114	0	1	2	-31.4131	255	1	1
3.13686	UL	313	6	0	11	1	1	0	22	114	0	1	2	-31.4131	255	1	1
3.13693	UL	313	6	0	12	1	1	0	21	114	0	1	3	-20.1657	255	1	0.999982
3.13693	UL	313	6	0	12	1	1	0	21	114	0	1	3	-20.1657	255	1	0.999982
3.13793	UL	313	7	0	12	1	1	0	6	114	0	1	2	-37.3879	255	1	1
3.13793	UL	313	7	0	12	1	1	0	6	114	0	1	2	-37.3879	255	1	1
3.13879	UL	313	8	0	10	1	1	0	3	114	0	1	3	-22.5696	255	1	1
3.13879	UL	313	8	0	10	1	1	0	3	114	0	1	3	-22.5696	255	1	1
3.13886	UL	313	8	0	11	1	1	0	12	114	0	1	3	-33.9176	255	1	1
3.13886	UL	313	8	0	11	1	1	0	12	114	0	1	3	-33.9176	255	1	1
3.13979	UL	313	9	0	10	1	1	0	25	114	0	1	2	-49.7805	255	1	1
3.13979	UL	313	9	0	10	1	1	0	25	114	0	1	2	-49.7805	255	1	1
3.13986	UL	313	9	0	11	1	1	0	2	114	0	1	2	-19.3256	255	1	1
3.13986	UL	313	9	0	11	1	1	0	2	114	0	1	2	-19.3256	255	1	1
3.13993	UL	313	9	0	12	1	1	0	8	114	0	1	3	-36.9967	255	1	1
3.13993	UL	313	9	0	12	1	1	0	8	114	0	1	3	-36.9967	255	1	1
3.14057	UL	314	0	0	7	1	1	0	4	114	0	1	2	-21.6151	255	1	1
3.14057	UL	314	0	0	7	1	1	0	4	114	0	1	2	-21.6151	255	1	1
3.14064	UL	314	0	0	8	1	1	0	1	114	0	1	3	-33.1881	255	1	1
3.14064	UL	314	0	0	8	1	1	0	1	114	0	1	3	-33.1881	255	1	1
3.14071	UL	314	0	0	9	1	1	0	11	114	0	1	3	-29.3576	255	1	1
3.14071	UL	314	0	0	9	1	1	0	11	114	0	1	3	-29.3576	255	1	1
3.14079	UL	314	0	0	10	1	1	0	2	114	0	1	1	-19.309	255	1	1
3.14079	UL	314	0	0	10	1	1	0	2	114	0	1	1	-19.309	255	1	1
3.14086	UL	314	0	0	11	1	1	0	25	114	0	1	1	-50.1904	255	1	1
3.14086	UL	314	0	0	11	1	1	0	25	114	0	1	1	-50.1904	255	1	1
3.14186	UL	314	1	0	11	1	1	0	22	114	0	1	3	-31.2422	255	1	1
3.14186	UL	314	1	0	11	1	1	0	22	114	0	1	3	-31.2422	255	1	1
3.14193	UL	314	1	0	12	1	1	0	6	114	0	1	1	-37.8942	255	1	1
3.14193	UL	314	1	0	12	1	1	0	6	114	0	1	1	-37.8942	255	1	1
3.14286	UL	314	2	0	11	1	1	0	22	114	0	1	0	-31.3465	255	1	1
3.14286	UL	314	2	0	11	1	1	0	22	114	0	1	0	-31.3465	255	1	1
3.14293	UL	314	2	0	12	1	1	0	6	114	0	1	3	-37.721	255	1	1
3.14293	UL	314	2	0	12	1	1	0	6	114	0	1	3	-37.721	255	1	1
3.14486	UL	314	4	0	11	1	1	0	2	114	0	1	3	-19.2894	255	1	0.99983
3.14486	UL	314	4	0	11	1	1	0	2	114	0	1	3	-19.2894	255	1	0.99983
3.14493	UL	314	4	0	12	1	1	0	25	114	0	1	3	-50.3718	255	1	1
3.14493	UL	314	4	0	12	1	1	0	25	114	0	1	3	-50.3718	255	1	1
3.14571	UL	314	5	0	9	1	1	0	25	114	0	1	2	-50.554	255	1	1
3.14571	UL	314	5	0	9	1	1	0	25	114	0	1	2	-50.554	255	1	1
3.14579	UL	314	5	0	10	1	1	0	2	114	0	1	2	-19.305	255	1	1
3.14579	UL	314	5	0	10	1	1	0	2	114	0	1	2	-19.305	255	1	1
3.14586	UL	314	5	0	11	1	1	0	4	114	0	1	3	-20.8899	255	1	1
3.14586	UL	314	5	0	11	1	1	0	4	114	0	1	3	-20.8899	255	1	1
3.14693	UL	314	6	0	12	1	1	0	6	114	0	1	2	-37.5599	255	1	1
3.14693	UL	314	6	0	12	1	1	0	6	114	0	1	2	-37.5599	255	1	1
3.14793	UL	314	7	0	12	1	1	0	22	114	0	1	1	-30.7679	255	1	1
3.14793	UL	314	7	0	12	1	1	0	22	114	0	1	1	-30.7679	255	1	1
3.15086	UL	315	0	0	11	1	1	0	2	114	0	1	3	-19.6104	255	1	0.999836
3.15086	UL	315	0	0	11	1	1	0	2	114	0	1	3	-19.6104	255	1	0.999836
3.15093	UL	315	0	0	12	1	1	0	25	114	0	1	3	-50.078	255	1	1
3.15093	UL	315	0	0	12	1	1	0	25	114	0	1	3	-50.078	255	1	1
3.15186	UL	315	1	0	11	1	1	0	28	158	2	1	0	-5.11866	255	0	5.49397e-05
3.15186	UL	315	1	0	11	1	1	0	28	158	2	1	0	-5.11866	255	0	5.49397e-05
3.15193	UL	315	1	0	12	1	1	0	6	114	0	1	3	-37.8459	255	1	1
3.15193	UL	315	1	0	12	1	1	0	6	114	0	1	3	-37.8459	255	1	1
3.15293	UL	315	2	0	12	1	1	0	22	114	0	1	2	-30.6107	255	1	1
3.15293	UL	315	2	0	12	1	1	0	22	114	0	1	2	-30.6107	255	1	1
3.15793	UL	315	7	0	12	1	1	0	22	114	0	1	3	-30.5389	255	1	1
3.15793	UL	315	7	0	12	1	1	0	22	114	0	1	3	-30.5389	255	1	1
3.22293	UL	322	2	0	12	1	1	0	5	114	0	1	0	-48.6798	255	1	1
3.22293	UL	322	2	0	12	1	1	0	5	114	0	1	0	-48.6798	255	1	1
3.22393	UL	322	3	0	12	1	1	0	23	114	0	1	0	-51.4625	255	1	1
3.22393	UL	322	3	0	12	1	1	0	23	114	0	1	0	-51.4625	255	1	1
3.22493	UL	322	4	0	12	1	1	0	24	114	0	1	0	-21.1981	255	1	1
3.22493	UL	322	4	0	12	1	1	0	24	114	0	1	0	-21.1981	255	1	1
3.2265	DL	322	6	0	1	6	1	0	10	700	0	1	0	-7.05529	0	0	0.255331
3.22793	UL	322	7	0	12	1	1	0	5	114	0	1	1	-49.1437	255	1	1
3.22793	UL	322	7	0	12	1	1	0	5	114	0	1	1	-49.1437	255	1	1
3.22893	UL	322	8	0	12	1	1	0	23	114	0	1	1	-51.6771	255	1	1
3.22893	UL	322	8	0	12	1	1	0	23	114	0	1	1	-51.6771	255	1	1
3.22993	UL	322	9	0	12	1	1	0	24	114	0	1	1	-21.2387	255	1	1
3.22993	UL	322	9	0	12	1	1	0	24	114	0	1	1	-21.2387	255	1	1
3.23293	UL	323	2	0	12	1	1	0	5	114	0	1	2	-49.5473	255	1	1
3.23293	UL	323	2	0	12	1	1	0	5	114	0	1	2	-49.5473	255	1	1
3.23393	UL	323	3	0	12	1	1	0	23	114	0	1	2	-51.5253	255	1	1
3.23393	UL	323	3	0	12	1	1	0	23	114	0	1	2	-51.5253	255	1	1
3.23486	UL	323	4	0	11	1	1	0	24	114	0	1	2	-21.6863	255	1	1
3.23486	UL	323	4	0	11	1	1	0	24	114	0	1	2	-21.6863	255	1	1
3.23793	UL	323	7	0	12	1	1	0	5	114	0	1	3	-49.6163	255	1	1
3.23793	UL	323	7	0	12	1	1	0	5	114	0	1	3	-49.6163	255	1	1
3.23886	UL	323	8	0	11	1	1	0	23	114	0	1	3	-52.1827	255	1	1
3.23886	UL	323	8	0	11	1	1	0	23	114	0	1	3	-52.1827	255	1	1
3.23993	UL	323	9	0	12	1	1	0	24	114	0	1	3	-21.5969	255	1	1
3.23993	UL	323	9	0	12	1	1	0	24	114	0	1	3	-21.5969	255	1	1
3.24821	DL	324	8	0	1	2	1	0	9	8060	28	1	0	43.0803	15	0	0
3.25321	DL	325	3	0	1	2	1	0	28	8060	28	1	0	16.7558	12	1	1
3.25693	UL	325	6	0	12	1	1	0	9	348	5	1	0	-1.21297	255	0	1.68199e-14
3.25693	UL	325	6	0	12	1	1	0	9	348	5	1	0	-1.21297	255	0	1.68199e-14
3.25886	DL	325	8	0	1	11	1	0	28	8060	28	1	1	22.9775	14	0	0
3.26693	UL	326	6	0	12	1	1	0	28	158	2	1	0	-26.8887	255	1	1
3.26693	UL	326	6	0	12	1	1	0	28	158	2	1	0	-26.8887	255	1	1
3.27193	UL	327	1	0	12	1	1	0	28	158	2	1	1	-26.7637	255	1	1
3.27193	UL	327	1	0	12	1	1	0	28	158	2	1	1	-26.7637	255	1	1
3.27693	UL	327	6	0	12	1	1	0	28	158	2	1	2	-54.7521	255	1	1
3.27693	UL	327	6	0	12	1	1	0	28	158	2	1	2	-54.7521	255	1	1
3.28029	DL	328	0	0	1	3	1	0	9	12091	28	1	0	-4.98447	2	1	1
3.28193	UL	328	1	0	12	1	1	0	28	158	2	1	3	-53.5785	255	1	1
3.28193	UL	328	1	0	12	1	1	0	28	158	2	1	3	-53.5785	255	1	1
3.28593	DL	328	5	0	1	12	1	0	9	12091	28	1	1	0.31083	4	1	1
3.29093	DL	329	0	0	1	12	1	0	9	12091	28	1	2	0.590373	4	1	1
3.29586	DL	329	5	0	1	11	1	0	9	12091	28	1	3	-0.221254	3	1	1
3.4175	DL	341	7	0	1	6	1	0	27	700	0	1	0	-34.0461	0	1	1
3.42293	DL	342	2	0	1	12	1	0	27	700	0	1	1	-32.0644	0	1	1
3.42786	DL	342	7	0	1	11	1	0	27	700	0	1	2	-33.2883	0	1	1
3.43293	DL	343	2	0	1	12	1	0	27	700	0	1	3	-34.3001	0	1	1
3.45693	UL	345	6	0	12	1	1	0	9	348	5	1	0	1.6647	255	0	0
3.45693	UL	345	6	0	12	1	1	0	9	348	5	1	0	1.6647	255	0	0
3.48043	DL	348	0	0	1	5	1	0	9	1389	4	1	0	-0.79336	3	0	0
3.58893	UL	358	8	0	12	1	1	0	9	641	8	1	0	1.84745	255	0	0.000373184
3.58893	UL	358	8	0	12	1	1	0	9	641	8	1	0	1.84745	255	0	0.000373184
3.61243	DL	361	2	0	1	5	1	0	9	1389	4	1	0	45.6311	15	0	0
3.62086	UL	362	0	0	11	1	1	0	9	641	8	1	0	2.45385	255	0	8.17137e-09
3.62086	UL	362	0	0	11	1	1	0	9	641	8	1	0	2.45385	255	0	8.17137e-09
3.6275	DL	362	7	0	1	6	1	0	26	700	0	1	0	17.7284	12	0	0
3.63593	UL	363	5	0	12	1	1	0	26	114	0	1	0	-25.7003	255	1	1
3.63593	UL	363	5	0	12	1	1	0	26	114	0	1	0	-25.7003	255	1	1
3.64093	UL	364	0	0	12	1	1	0	26	114	0	1	1	-25.4614	255	1	1
3.64093	UL	364	0	0	12	1	1	0	26	114	0	1	1	-25.4614	255	1	1
3.64314	DL	364	3	0	1	1	1	0	9	4030	28	1	0	46.0306	15	0	0
3.64586	UL	364	5	0	11	1	1	0	26	114	0	1	2	-25.6289	255	1	1
3.64586	UL	364	5	0	11	1	1	0	26	114	0	1	2	-25.6289	255	1	1
3.65086	UL	365	0	0	11	1	1	0	26	114	0	1	3	-25.7076	255	1	1
3.65086	UL	365	0	0	11	1	1	0	26	114	0	1	3	-25.7076	255	1	1
3.65193	UL	365	1	0	12	1	1	0	9	641	8	1	0	3.81788	255	0	0
3.65193	UL	365	1	0	12	1	1	0	9	641	8	1	0	3.81788	255	0	0
3.67514	DL	367	5	0	1	1	1	0	9	4030	28	1	0	46.2597	15	0	0
3.68393	UL	368	3	0	12	1	1	0	9	744	9	1	0	-44.6369	255	1	1
3.68393	UL	368	3	0	12	1	1	0	9	744	9	1	0	-44.6369	255	1	1
3.68893	UL	368	8	0	12	1	1	0	9	744	9	1	1	-44.9668	255	1	1
3.68893	UL	368	8	0	12	1	1	0	9	744	9	1	1	-44.9668	255	1	1
3.69393	UL	369	3	0	12	1	1	0	9	744	9	1	2	-44.3563	255	1	1
3.69393	UL	369	3	0	12	1	1	0	9	744	9	1	2	-44.3563	255	1	1
3.69886	UL	369	8	0	11	1	1	0	9	744	9	1	3	-44.5197	255	1	1
3.69886	UL	369	8	0	11	1	1	0	9	744	9	1	3	-44.5197	255	1	1
4.3435	DL	434	3	0	1	6	1	0	7	700	0	1	0	38.4217	15	0	0
