Time(sec)	CellId	BwpId	IMSI	pathLoss(dB)
0.0179286	1	0	1	-129.922
0.0179286	1	0	2	-130.628
0.0179286	1	0	3	-104.773
0.0179286	1	0	4	-97.8331
0.0179286	1	0	5	-160.393
0.0179286	1	0	6	-119.146
0.0179286	1	0	7	-86.7638
0.0179286	1	0	8	-96.0161
0.0179286	1	0	9	-106.051
0.0179286	1	0	10	-106.856
0.0179286	1	0	11	-165.167
0.0179286	1	0	12	-141.927
0.0179286	1	0	13	-95.9166
0.0179286	1	0	14	-151.506
0.0179286	1	0	15	-180.148
0.0179286	1	0	16	-141.276
0.0179286	1	0	17	-118.194
0.0179286	1	0	18	-115.703
0.0179286	1	0	19	-91.1616
0.0179286	1	0	20	-162.509
0.0258571	1	0	4	-97.5396
0.0259286	1	0	13	-95.6514
0.0259286	1	0	14	-150.929
0.0259286	1	0	15	-180.224
0.0259286	1	0	16	-142.098
0.0259286	1	0	17	-118.025
0.0259286	1	0	18	-115.425
0.0259286	1	0	19	-91.3296
0.0259286	1	0	20	-162.295
0.0348571	1	0	7	-86.107
0.0368571	1	0	3	-105.203
0.0388571	1	0	5	-160.506
0.0438571	1	0	14	-151.709
0.0448571	1	0	20	-162.058
0.0458571	1	0	12	-141.544
0.0508571	1	0	15	-178.664
0.0528571	1	0	10	-106.917
0.0558571	1	0	16	-141.93
0.0588571	1	0	1	-128.59
0.0618571	1	0	9	-104.274
0.0638571	1	0	11	-165.89
0.0648571	1	0	2	-131.327
0.0678571	1	0	19	-92.6154
0.0898571	1	0	13	-96.5266
0.0948571	1	0	18	-113.731
0.0958571	1	0	6	-117.616
0.0988571	1	0	8	-97.0986
0.100857	1	0	17	-114.905
0.105857	1	0	4	-121.901
0.114857	1	0	7	-87.7032
0.115929	1	0	13	-113.895
0.115929	1	0	18	-104.309
0.115929	1	0	19	-91.2767
0.115929	1	0	10	-106.805
0.116857	1	0	3	-136.113
0.116929	1	0	13	-114.007
0.116929	1	0	18	-104.336
0.116929	1	0	19	-91.2902
0.116929	1	0	10	-106.869
0.116929	1	0	5	-160.714
0.117929	1	0	5	-160.735
0.117929	1	0	12	-141.609
0.117929	1	0	15	-176.594
0.117929	1	0	3	-136.075
0.118857	1	0	5	-160.363
0.118929	1	0	12	-141.644
0.118929	1	0	15	-176.744
0.118929	1	0	8	-115.83
0.118929	1	0	7	-87.4807
0.118929	1	0	16	-161.858
0.118929	1	0	3	-136.049
0.119929	1	0	8	-115.982
0.119929	1	0	7	-87.5206
0.119929	1	0	16	-162.071
0.119929	1	0	9	-148.211
0.119929	1	0	1	-128.097
0.119929	1	0	11	-122.486
0.120929	1	0	9	-148.332
0.120929	1	0	1	-128
0.120929	1	0	11	-122.643
0.120929	1	0	14	-153.633
0.121643	1	0	10	-106.517
0.121714	1	0	19	-91.0999
0.121786	1	0	18	-104.589
0.121857	1	0	13	-113.944
0.121929	1	0	14	-153.9
0.121929	1	0	5	-160.31
0.122929	1	0	5	-160.251
0.122929	1	0	15	-176.313
0.122929	1	0	12	-141.683
0.123786	1	0	3	-135.684
0.123857	1	0	14	-154.126
0.123929	1	0	15	-176.54
0.123929	1	0	12	-141.969
0.123929	1	0	16	-162.239
0.124714	1	0	8	-115.88
0.124786	1	0	7	-87.6713
0.124857	1	0	20	-160.121
0.124929	1	0	12	-142.092
0.124929	1	0	16	-162.16
0.124929	1	0	9	-148.713
0.125714	1	0	11	-122.56
0.125786	1	0	1	-127.834
0.125857	1	0	12	-141.969
0.125929	1	0	9	-148.803
0.125929	1	0	14	-154.527
0.126714	1	0	13	-114.11
0.126786	1	0	18	-104.466
0.126857	1	0	10	-106.797
0.126929	1	0	9	-148.773
0.126929	1	0	14	-154.411
0.126929	1	0	5	-160.479
0.127929	1	0	5	-160.387
0.127929	1	0	15	-176.608
0.128857	1	0	3	-135.557
0.128929	1	0	15	-176.921
0.128929	1	0	16	-161.91
0.129786	1	0	12	-141.51
0.129857	1	0	8	-116.4
0.129929	1	0	16	-162.151
0.129929	1	0	4	-121.688
0.129929	1	0	6	-139.67
0.129929	1	0	20	-160.087
0.129929	1	0	17	-114.461
0.129929	1	0	2	-131.856
0.130714	1	0	1	-127.707
0.130786	1	0	11	-121.996
0.130857	1	0	15	-177.27
0.130929	1	0	4	-121.582
0.130929	1	0	6	-139.633
0.130929	1	0	20	-159.825
0.130929	1	0	17	-114.524
0.130929	1	0	2	-131.67
0.130929	1	0	14	-154.656
0.131643	1	0	9	-149.014
0.131714	1	0	10	-106.885
0.131786	1	0	18	-104.556
0.131857	1	0	13	-114.147
0.131929	1	0	14	-154.794
0.131929	1	0	5	-160.501
0.132857	1	0	10	-106.838
0.132929	1	0	5	-160.618
0.132929	1	0	15	-177.786
0.133857	1	0	3	-135.091
0.133929	1	0	15	-177.826
0.133929	1	0	16	-162.659
0.134786	1	0	8	-117.048
0.134857	1	0	12	-141.62
0.134929	1	0	16	-162.661
0.134929	1	0	20	-160.141
0.135429	1	0	2	-132.188
0.1355	1	0	17	-114.537
0.135571	1	0	6	-139.659
0.135643	1	0	4	-122.064
0.135714	1	0	11	-122.078
0.135786	1	0	1	-127.559
0.135857	1	0	16	-162.801
0.135929	1	0	20	-160.083
0.135929	1	0	14	-154.44
0.136643	1	0	13	-114.339
0.136714	1	0	18	-105.085
0.136786	1	0	10	-107.082
0.136857	1	0	9	-148.663
0.136929	1	0	14	-154.358
0.138786	1	0	3	-135.111
0.138857	1	0	1	-128.064
0.139786	1	0	12	-141.616
0.139857	1	0	8	-117.29
0.139929	1	0	20	-159.398
0.1405	1	0	1	-128.301
0.140571	1	0	11	-122.512
0.140643	1	0	4	-121.871
0.140714	1	0	6	-139.604
0.140786	1	0	17	-114.264
0.140857	1	0	2	-132.379
0.140929	1	0	20	-159.366
0.141714	1	0	14	-155.033
0.141786	1	0	9	-149.064
0.141857	1	0	9	-149.075
0.143857	1	0	11	-122.722
0.144786	1	0	12	-141.43
0.144857	1	0	2	-132.338
0.144929	1	0	20	-158.622
0.145643	1	0	2	-132.065
0.145714	1	0	17	-113.991
0.145786	1	0	6	-139.467
0.145857	1	0	4	-122.147
0.145929	1	0	20	-158.794
0.146786	1	0	9	-148.918
0.146857	1	0	14	-155.019
0.146929	1	0	20	-158.944
0.146929	1	0	19	-91.6063
0.147857	1	0	19	-91.6223
0.147929	1	0	19	-91.6406
0.149929	1	0	7	-85.7784
0.150643	1	0	4	-121.572
0.150714	1	0	6	-139.622
0.150786	1	0	17	-114.037
0.150857	1	0	2	-131.673
0.150929	1	0	7	-85.5572
0.151786	1	0	20	-158.874
0.151857	1	0	14	-154.73
0.152857	1	0	19	-92.0231
0.155857	1	0	7	-85.8822
0.156786	1	0	14	-154.816
0.156857	1	0	20	-158.473
0.157857	1	0	19	-92.0929
0.161857	1	0	20	-158.222
0.161929	1	0	10	-106.676
0.161929	1	0	18	-104.412
0.162929	1	0	10	-106.5
0.162929	1	0	18	-104.35
0.166857	1	0	20	-157.803
0.167786	1	0	18	-104.32
0.167857	1	0	10	-106.91
0.169857	1	0	13	-112.74
0.172786	1	0	10	-106.928
0.172857	1	0	18	-104.596
0.174857	1	0	18	-104.173
0.175857	1	0	6	-139.333
0.177786	1	0	18	-103.936
0.177857	1	0	10	-107
0.178857	1	0	8	-118.271
0.180857	1	0	17	-114.609
0.181929	1	0	7	-84.9415
0.182786	1	0	10	-106.956
0.182857	1	0	18	-103.239
0.182929	1	0	7	-84.7574
0.183929	1	0	19	-91.9685
0.184929	1	0	19	-91.9847
0.185857	1	0	4	-120.948
0.187714	1	0	10	-106.991
0.187857	1	0	7	-84.7617
0.188786	1	0	18	-103.528
0.189857	1	0	19	-92.1671
0.192786	1	0	10	-106.919
0.193786	1	0	18	-103.615
0.194786	1	0	19	-92.2625
0.194857	1	0	7	-84.5756
0.196857	1	0	3	-136.417
0.197786	1	0	10	-106.847
0.198714	1	0	18	-102.939
0.198857	1	0	5	-161.078
0.199857	1	0	19	-91.794
0.202786	1	0	10	-106.189
0.203857	1	0	14	-154.785
0.204857	1	0	20	-159.003
0.205857	1	0	12	-139.888
0.207929	1	0	10	-125.504
0.208929	1	0	10	-125.503
0.208929	1	0	18	-96.006
0.209929	1	0	18	-96.0028
0.210857	1	0	15	-131.976
0.212857	1	0	10	-125.8
0.213929	1	0	7	-112.915
0.213929	1	0	10	-126.047
0.214857	1	0	18	-96.1991
0.214929	1	0	7	-112.896
0.215857	1	0	16	-117.315
0.218786	1	0	10	-126.13
0.218857	1	0	1	-126.221
0.219857	1	0	7	-112.795
0.219929	1	0	19	-136.727
0.220929	1	0	19	-136.63
0.221857	1	0	9	-156.56
0.223786	1	0	10	-126.469
0.223857	1	0	11	-121.485
0.223929	1	0	18	-95.8828
0.224786	1	0	7	-112.583
0.224857	1	0	2	-130.779
0.224929	1	0	18	-95.9562
0.224929	1	0	19	-136.749
0.225929	1	0	19	-136.568
0.226929	1	0	19	-136.368
0.227857	1	0	19	-136.553
0.227929	1	0	19	-136.502
0.228857	1	0	10	-126.281
0.228929	1	0	10	-126.282
0.229786	1	0	18	-96.278
0.229857	1	0	7	-112.841
0.229929	1	0	19	-136.255
0.229929	1	0	10	-126.392
0.230929	1	0	19	-136.231
0.233857	1	0	10	-126.138
0.233929	1	0	10	-126.202
0.234714	1	0	18	-95.9842
0.234857	1	0	7	-112.674
0.234929	1	0	19	-136.445
0.234929	1	0	10	-126.33
0.235929	1	0	19	-136.308
0.235929	1	0	10	-126.271
0.240857	1	0	10	-126.233
0.240929	1	0	18	-96.3784
0.241929	1	0	18	-96.6692
0.245857	1	0	10	-126.311
0.246857	1	0	18	-96.9203
0.249857	1	0	13	-94.8654
0.250857	1	0	10	-126.499
0.254857	1	0	18	-97.0382
0.255786	1	0	10	-126.401
0.255857	1	0	6	-141.39
0.255929	1	0	18	-97.1816
0.258857	1	0	8	-115.675
0.259929	1	0	18	-97.7206
0.260786	1	0	18	-97.8299
0.260857	1	0	17	-126.371
0.260929	1	0	18	-97.7951
0.265786	1	0	18	-97.5592
0.265857	1	0	4	-119.309
0.270571	1	0	18	-97.5244
0.272929	1	0	18	-97.5727
0.273929	1	0	18	-97.3079
0.274857	1	0	7	-113.335
0.276857	1	0	3	-136.973
0.278786	1	0	18	-97.3399
0.278857	1	0	5	-163.537
0.283643	1	0	18	-97.2727
0.283857	1	0	14	-153.883
0.284857	1	0	20	-158.224
0.285857	1	0	12	-138.508
0.290857	1	0	15	-132.514
0.290929	1	0	18	-97.2021
0.291929	1	0	18	-97.2295
0.292857	1	0	10	-125.469
0.295857	1	0	16	-118.139
0.296857	1	0	18	-96.6182
0.296929	1	0	18	-96.6453
0.297929	1	0	18	-96.4272
0.298857	1	0	1	-125.753
0.301857	1	0	9	-156.663
0.302643	1	0	18	-96.4332
0.303857	1	0	11	-122.267
0.303929	1	0	18	-96.6334
0.304857	1	0	2	-131.192
0.304929	1	0	18	-96.5715
0.307857	1	0	19	-98.598
0.308571	1	0	18	-96.3391
0.308929	1	0	18	-96.2979
0.309929	1	0	18	-96.2526
0.314857	1	0	18	-96.1005
0.320857	1	0	18	-96.2762
0.322929	1	0	18	-96.1617
0.323929	1	0	18	-96.1305
0.325857	1	0	18	-95.775
0.326929	1	0	19	-98.452
0.328857	1	0	18	-95.5813
0.328929	1	0	18	-95.6306
0.329857	1	0	13	-94.855
0.329929	1	0	18	-95.6389
0.331786	1	0	19	-98.8383
0.331857	1	0	18	-95.7624
0.334857	1	0	18	-95.9928
0.335786	1	0	18	-95.9719
0.335857	1	0	6	-134.577
0.335929	1	0	18	-95.9215
0.336857	1	0	19	-98.7885
0.337786	1	0	18	-95.9689
0.338857	1	0	8	-114.018
0.340571	1	0	18	-96.1159
0.340857	1	0	17	-167.457
0.340929	1	0	18	-96.0697
0.341857	1	0	19	-98.8407
0.341929	1	0	18	-96.11
0.343786	1	0	18	-95.8347
0.345857	1	0	4	-144.799
0.346786	1	0	18	-95.9744
0.346857	1	0	19	-98.6183
0.351857	1	0	18	-95.789
0.351929	1	0	18	-95.8311
0.352857	1	0	19	-98.4313
0.352929	1	0	18	-95.8388
0.354857	1	0	7	-85.9596
0.354929	1	0	18	-95.9644
0.355929	1	0	18	-95.8236
0.356857	1	0	3	-139.816
0.357786	1	0	18	-95.5582
0.357857	1	0	19	-98.368
0.357929	1	0	18	-95.6237
0.358857	1	0	5	-132.502
0.358929	1	0	18	-95.5904
0.360929	1	0	18	-95.4682
0.361929	1	0	18	-95.7024
0.363786	1	0	18	-95.9446
0.363857	1	0	14	-132.291
0.363929	1	0	18	-95.9916
0.364857	1	0	20	-95.8113
0.364929	1	0	18	-95.9835
0.365857	1	0	12	-138.61
0.365929	1	0	18	-95.9555
0.366929	1	0	18	-95.939
0.368857	1	0	18	-95.9422
0.369929	1	0	18	-95.8938
0.370857	1	0	15	-178.751
0.370929	1	0	18	-95.7599
0.372857	1	0	10	-125.648
0.372929	1	0	19	-97.8313
0.373929	1	0	19	-97.6271
0.374714	1	0	18	-95.7663
0.375857	1	0	16	-163.423
0.378786	1	0	19	-97.7144
0.378857	1	0	1	-120.024
0.379714	1	0	18	-95.474
0.381857	1	0	9	-96.0599
0.382929	1	0	18	-96.068
0.383786	1	0	19	-98.1335
0.383857	1	0	11	-168.572
0.383929	1	0	18	-96.0741
0.383929	1	0	19	-98.1225
0.384857	1	0	2	-129.782
0.384929	1	0	19	-98.0504
0.385857	1	0	18	-96.2352
0.387857	1	0	19	-98.0867
0.388643	1	0	19	-97.9992
0.388929	1	0	18	-96.0571
0.389929	1	0	18	-95.8812
0.391643	1	0	18	-95.9296
0.393643	1	0	19	-98.3007
0.394929	1	0	18	-95.5656
0.395929	1	0	18	-95.7684
0.400857	1	0	18	-95.8208
0.405929	1	0	18	-96.0425
0.406929	1	0	18	-96.2099
0.408929	1	0	19	-121.78
0.409857	1	0	13	-114.483
0.409929	1	0	19	-121.706
0.411857	1	0	18	-95.7537
0.411929	1	0	18	-95.7746
0.412929	1	0	18	-95.5888
0.413929	1	0	19	-121.173
0.414857	1	0	18	-95.5645
0.414929	1	0	19	-121.37
0.415857	1	0	6	-124.039
0.417857	1	0	18	-95.4145
0.417929	1	0	18	-95.3827
0.418857	1	0	8	-115.083
0.418929	1	0	18	-95.3847
0.419857	1	0	19	-120.737
0.419929	1	0	19	-120.72
0.420857	1	0	17	-167.485
0.420929	1	0	19	-120.524
0.423857	1	0	18	-94.9896
0.424857	1	0	19	-120.613
0.424929	1	0	19	-120.626
0.425857	1	0	4	-117.482
0.425929	1	0	19	-120.708
0.426929	1	0	18	-94.7676
0.426929	1	0	19	-120.431
0.427929	1	0	18	-94.7213
0.429786	1	0	18	-94.5914
0.429857	1	0	19	-120.696
0.431857	1	0	19	-120.72
0.434714	1	0	18	-94.4226
0.434786	1	0	19	-120.677
0.434857	1	0	7	-115.09
0.436786	1	0	19	-120.413
0.436857	1	0	3	-139.26
0.437929	1	0	18	-94.3808
0.438857	1	0	5	-104.55
0.438929	1	0	18	-94.3693
0.441857	1	0	19	-120.688
0.443786	1	0	18	-94.5977
0.443857	1	0	14	-151.842
0.443929	1	0	18	-94.6675
0.444857	1	0	20	-119.844
0.444929	1	0	18	-94.7011
0.445857	1	0	12	-121.606
0.446857	1	0	19	-120.529
0.448857	1	0	18	-95.1278
0.449929	1	0	18	-95.236
0.450857	1	0	15	-130.369
0.450929	1	0	18	-95.3013
0.452857	1	0	10	-154.743
0.454714	1	0	18	-95.2513
0.454929	1	0	18	-95.3239
0.455857	1	0	16	-117.751
0.455929	1	0	18	-95.1949
0.458857	1	0	1	-118.32
0.459929	1	0	18	-95.1085
0.460857	1	0	18	-94.9197
0.460929	1	0	18	-94.8938
0.461857	1	0	9	-163.831
0.463857	1	0	11	-126.395
0.464857	1	0	2	-89.979
0.466714	1	0	18	-94.6949
0.467857	1	0	19	-121.139
0.474929	1	0	18	-94.0654
0.475929	1	0	18	-94.1991
0.480857	1	0	18	-93.9701
0.480929	1	0	18	-93.8974
0.481929	1	0	18	-93.6245
0.486857	1	0	18	-94.1069
0.486929	1	0	18	-94.1428
0.487929	1	0	18	-94.0031
0.489857	1	0	13	-113.821
0.491857	1	0	18	-94.5723
0.492929	1	0	18	-94.6043
0.493929	1	0	18	-94.4478
0.494857	1	0	18	-94.3877
0.495857	1	0	6	-123.536
0.497786	1	0	18	-94.4631
0.498857	1	0	8	-114.166
0.500857	1	0	17	-166.26
0.505857	1	0	4	-116.561
0.506929	1	0	18	-94.0689
0.507929	1	0	18	-94.2545
0.512857	1	0	18	-94.2061
0.514857	1	0	7	-115.065
0.516857	1	0	3	-138.944
0.517929	1	0	18	-94.3726
0.518857	1	0	5	-129.077
0.518929	1	0	18	-94.2589
0.523786	1	0	18	-94.609
0.523857	1	0	14	-126.685
0.523929	1	0	18	-94.5579
0.524857	1	0	20	-132.362
0.524929	1	0	18	-94.7718
0.525857	1	0	12	-121.194
0.529857	1	0	18	-95.0328
0.530857	1	0	15	-133.965
0.532857	1	0	10	-114.039
0.534857	1	0	18	-94.7558
0.535857	1	0	16	-118.806
0.538857	1	0	1	-117.965
0.538929	1	0	18	-95.011
0.539929	1	0	18	-95.1803
0.540857	1	0	18	-95.0625
0.541857	1	0	9	-142.465
0.543857	1	0	11	-126.78
0.544857	1	0	2	-129.891
0.546857	1	0	18	-95.3893
0.547857	1	0	19	-105.919
0.548929	1	0	18	-95.2439
0.549929	1	0	18	-95.3932
0.554857	1	0	18	-95.0723
0.560857	1	0	18	-95.4626
0.560929	1	0	18	-95.4417
0.561929	1	0	18	-95.446
0.566857	1	0	18	-95.7167
0.566929	1	0	18	-95.7286
0.567929	1	0	18	-95.459
0.569857	1	0	13	-112.466
0.572714	1	0	18	-94.7208
0.572929	1	0	18	-94.7692
0.573929	1	0	18	-94.5966
0.574857	1	0	18	-94.4212
0.575857	1	0	6	-123.106
0.578786	1	0	18	-94.6438
0.578857	1	0	8	-141.978
0.580857	1	0	17	-122.869
0.580929	1	0	18	-94.7063
0.581929	1	0	18	-94.6515
0.585857	1	0	4	-143.222
0.586857	1	0	18	-94.8203
0.586929	1	0	18	-94.8421
0.587929	1	0	18	-94.5773
0.592857	1	0	18	-94.2976
0.592929	1	0	18	-94.2977
0.593929	1	0	18	-94.2527
0.594857	1	0	7	-114.74
0.596857	1	0	3	-140.245
0.598786	1	0	18	-94.5276
0.598857	1	0	5	-127.447
0.598929	1	0	18	-94.5768
0.599929	1	0	18	-94.5083
0.603857	1	0	14	-125.284
0.603929	1	0	18	-94.8555
0.604786	1	0	18	-94.9988
0.604857	1	0	20	-130.774
0.604929	1	0	18	-94.9453
0.605857	1	0	12	-122.127
0.609857	1	0	18	-153.234
0.610857	1	0	15	-181.137
0.612857	1	0	10	-104.427
0.612929	1	0	18	-153.49
0.613929	1	0	18	-153.272
0.614857	1	0	18	-153.194
0.615857	1	0	16	-98.6024
0.617929	1	0	18	-152.97
0.618857	1	0	1	-159.243
0.618929	1	0	18	-152.871
0.619857	1	0	18	-153.124
0.619929	1	0	18	-153.118
0.621857	1	0	9	-143.079
0.622929	1	0	18	-153.305
0.623857	1	0	11	-127.208
0.623929	1	0	18	-153.418
0.624786	1	0	18	-153.546
0.624857	1	0	2	-90.8719
0.624929	1	0	18	-153.29
0.625929	1	0	18	-153.199
0.626929	1	0	18	-153.243
0.627857	1	0	19	-142.118
0.627929	1	0	18	-153.143
0.628929	1	0	18	-152.781
0.629929	1	0	18	-152.907
0.630929	1	0	18	-152.766
0.631929	1	0	18	-152.806
0.632929	1	0	18	-152.645
0.633929	1	0	18	-152.834
0.634929	1	0	18	-152.841
0.635929	1	0	18	-153.119
0.636929	1	0	18	-153.097
0.637929	1	0	18	-153.234
0.638929	1	0	18	-153.254
0.639929	1	0	18	-153.1
0.640929	1	0	18	-153.049
0.641929	1	0	18	-153.073
0.642929	1	0	18	-152.747
0.643929	1	0	18	-152.92
0.644929	1	0	18	-152.809
0.645929	1	0	18	-152.875
0.646929	1	0	18	-152.94
0.647929	1	0	18	-152.939
0.648929	1	0	18	-152.956
0.649857	1	0	13	-96.4345
0.649929	1	0	18	-152.841
0.650929	1	0	18	-152.848
0.651929	1	0	18	-152.779
0.652929	1	0	18	-152.542
0.653929	1	0	18	-152.576
0.654857	1	0	18	-152.87
0.654929	1	0	18	-152.848
0.655857	1	0	6	-121.886
0.655929	1	0	18	-153.043
0.656929	1	0	18	-153.274
0.658857	1	0	8	-141.495
0.658929	1	0	18	-153.252
0.659929	1	0	18	-153.343
0.660857	1	0	17	-164.36
0.660929	1	0	18	-153.405
0.661929	1	0	18	-153.291
0.662929	1	0	18	-153.499
0.663929	1	0	18	-153.392
0.664929	1	0	18	-153.125
0.665857	1	0	4	-97.0237
0.665929	1	0	18	-153.142
0.674857	1	0	7	-88.0523
0.676857	1	0	3	-113.787
0.678857	1	0	5	-127.511
0.683857	1	0	14	-120.542
0.684857	1	0	20	-112.57
0.685857	1	0	12	-168.657
0.690857	1	0	15	-180.116
0.692857	1	0	10	-103.598
0.695857	1	0	16	-97.85
0.698857	1	0	1	-159.044
0.701857	1	0	9	-141.723
0.703857	1	0	11	-126.318
0.704857	1	0	2	-89.0811
0.707857	1	0	19	-140.749
0.729857	1	0	13	-97.3163
0.734857	1	0	18	-136.882
0.735857	1	0	6	-122.283
0.738857	1	0	8	-103.371
0.740857	1	0	17	-164.908
0.743929	1	0	18	-136.934
0.745857	1	0	4	-105.434
0.748857	1	0	18	-137.123
0.753857	1	0	18	-137.592
0.754857	1	0	7	-89.0569
0.756857	1	0	3	-149.109
0.758786	1	0	18	-137.933
0.758857	1	0	5	-97.1896
0.763786	1	0	18	-137.898
0.763857	1	0	14	-162.999
0.764857	1	0	20	-133.356
0.765857	1	0	12	-169.217
0.770857	1	0	15	-135.422
0.772857	1	0	10	-143.048
0.775857	1	0	16	-96.4289
0.778857	1	0	1	-104.798
0.781857	1	0	9	-107.368
0.783857	1	0	11	-106.293
0.784857	1	0	2	-99.1647
0.787857	1	0	19	-101.204
0.809857	1	0	13	-95.0294
0.814857	1	0	18	-137.308
0.815857	1	0	6	-157.168
0.818857	1	0	8	-128.655
0.820857	1	0	17	-149.297
0.825857	1	0	4	-132.607
0.834857	1	0	7	-131.601
0.836857	1	0	3	-117.318
0.838857	1	0	5	-99.0638
0.843857	1	0	14	-100.685
0.844857	1	0	20	-98.9281
0.845857	1	0	12	-123.665
0.850857	1	0	15	-137.963
0.852857	1	0	10	-142.464
0.855857	1	0	16	-160.121
0.858857	1	0	1	-111.679
0.861857	1	0	9	-133.908
0.863857	1	0	11	-178.171
0.864857	1	0	2	-126.614
0.867857	1	0	19	-135.773
0.889857	1	0	13	-95.4031
0.894857	1	0	18	-136.236
0.895857	1	0	6	-161.152
0.898857	1	0	8	-128.438
0.900857	1	0	17	-147.552
0.905857	1	0	4	-134.348
0.914857	1	0	7	-132.724
0.916857	1	0	3	-157.605
0.918857	1	0	5	-141.486
0.923857	1	0	14	-168.051
0.924857	1	0	20	-120.101
0.925857	1	0	12	-123.723
0.930857	1	0	15	-181.288
0.932857	1	0	10	-139.366
0.935857	1	0	16	-115.071
0.938857	1	0	1	-153.6
0.941857	1	0	9	-91.5674
0.943857	1	0	11	-179.176
0.944857	1	0	2	-95.868
0.947857	1	0	19	-113.545
0.969857	1	0	13	-94.6705
0.974857	1	0	18	-131.726
0.975857	1	0	6	-103.325
0.978857	1	0	8	-142.14
0.980857	1	0	17	-109.738
0.985857	1	0	4	-109.414
0.994857	1	0	7	-113.153
0.996857	1	0	3	-157.95
0.998857	1	0	5	-143.043
1.00386	1	0	14	-168.128
1.00486	1	0	20	-118.116
1.00586	1	0	12	-126.086
1.01086	1	0	15	-181.816
1.01286	1	0	10	-138.529
1.01586	1	0	16	-112.555
1.01886	1	0	1	-155.268
1.02186	1	0	9	-92.348
1.02386	1	0	11	-136.095
1.02486	1	0	2	-97.9668
1.02786	1	0	19	-115.13
1.04986	1	0	13	-94.5419
1.05486	1	0	18	-93.4232
1.05586	1	0	6	-121.565
1.05886	1	0	8	-96.5412
1.06086	1	0	17	-150.539
1.06586	1	0	4	-98.8439
1.07486	1	0	7	-113.932
1.07686	1	0	3	-116.536
1.07886	1	0	5	-141.963
1.08386	1	0	14	-166.455
1.08486	1	0	20	-117.257
1.08586	1	0	12	-148.56
1.09086	1	0	15	-133.562
1.09286	1	0	10	-111.952
1.09586	1	0	16	-98.6272
1.09886	1	0	1	-155.091
1.10186	1	0	9	-93.8938
1.10386	1	0	11	-133.534
1.10486	1	0	2	-98.1038
1.10786	1	0	19	-115.546
1.12986	1	0	13	-95.0508
1.13486	1	0	18	-93.6879
1.13586	1	0	6	-121.31
1.13886	1	0	8	-113.951
1.14086	1	0	17	-123.317
1.14586	1	0	4	-142.858
1.15486	1	0	7	-93.3064
1.15686	1	0	3	-115.849
1.15886	1	0	5	-143.15
1.16386	1	0	14	-139.519
1.16486	1	0	20	-116.449
1.16586	1	0	12	-113.648
1.17086	1	0	15	-178.117
1.17286	1	0	10	-115.324
1.17586	1	0	16	-154.647
1.17886	1	0	1	-123.529
1.18186	1	0	9	-111.156
1.18386	1	0	11	-131.843
1.18486	1	0	2	-97.3468
1.18786	1	0	19	-169.316
1.20986	1	0	13	-93.6496
1.21393	1	0	7	-94.2421
1.21486	1	0	18	-96.2106
1.21493	1	0	7	-94.24
1.21586	1	0	6	-119.283
1.21886	1	0	8	-115.023
1.21986	1	0	7	-93.9708
1.22086	1	0	17	-96.5979
1.22586	1	0	4	-106.049
1.22893	1	0	10	-98.2531
1.22993	1	0	10	-98.1948
1.23486	1	0	7	-113.678
1.23686	1	0	3	-109.324
1.23886	1	0	5	-144.078
1.24386	1	0	14	-126.653
1.24486	1	0	20	-91.5048
1.24586	1	0	12	-109.356
1.25086	1	0	15	-134.72
1.25286	1	0	10	-97.7042
1.25586	1	0	16	-97.1876
1.25886	1	0	1	-129.876
1.26186	1	0	9	-97.4405
1.26386	1	0	11	-108.595
1.26486	1	0	2	-134.235
1.26786	1	0	19	-167.969
1.28986	1	0	13	-111.252
1.29486	1	0	18	-143.027
1.29586	1	0	6	-148.333
1.29886	1	0	8	-127.089
1.30086	1	0	17	-94.8586
1.30586	1	0	4	-105.569
1.31486	1	0	7	-114.641
1.31686	1	0	3	-109.512
1.31886	1	0	5	-144.201
1.32386	1	0	14	-123.945
1.32486	1	0	20	-89.4802
1.32586	1	0	12	-108.478
1.33086	1	0	15	-94.337
1.33286	1	0	10	-114.619
1.33586	1	0	16	-97.7494
1.33886	1	0	1	-92.8674
1.34186	1	0	9	-140.19
1.34386	1	0	11	-154.182
1.34486	1	0	2	-117.702
1.34593	1	0	7	-114.767
1.34693	1	0	7	-114.653
1.34786	1	0	19	-123.706
1.35093	1	0	7	-114.705
1.35193	1	0	7	-114.823
1.35293	1	0	7	-114.757
1.35786	1	0	7	-114.725
1.36286	1	0	7	-115.75
1.36786	1	0	7	-115.748
1.36986	1	0	13	-112.732
1.37286	1	0	7	-115.391
1.37486	1	0	18	-143.723
1.37586	1	0	6	-149.847
1.37886	1	0	8	-141.967
1.38086	1	0	17	-154.31
1.38586	1	0	4	-94.6977
1.39486	1	0	7	-115.931
1.39686	1	0	3	-131.258
1.39886	1	0	5	-120.071
1.40386	1	0	14	-166.102
1.40486	1	0	20	-145.066
1.40586	1	0	12	-153.339
1.41086	1	0	15	-96.4056
1.41286	1	0	10	-117.066
1.41586	1	0	16	-98.1726
1.41886	1	0	1	-90.8949
1.41993	1	0	19	-119.91
1.42093	1	0	19	-119.721
1.42186	1	0	9	-140.484
1.42386	1	0	11	-153.856
1.42486	1	0	2	-116.895
1.42493	1	0	19	-119.83
1.42593	1	0	19	-119.89
1.42786	1	0	19	-120.134
1.44986	1	0	13	-111.073
1.45486	1	0	18	-143
1.45586	1	0	6	-149.683
1.45886	1	0	8	-121.118
1.46086	1	0	17	-149.425
1.46586	1	0	4	-138.789
1.47486	1	0	7	-96.0519
1.47686	1	0	3	-170.52
1.47886	1	0	5	-133.188
1.48386	1	0	14	-122.697
1.48486	1	0	20	-89.5679
1.48586	1	0	12	-142.354
1.49086	1	0	15	-137.324
1.49286	1	0	10	-157.71
1.49586	1	0	16	-99.3693
1.49886	1	0	1	-111.192
1.50186	1	0	9	-142.931
1.50386	1	0	11	-147.58
1.50486	1	0	2	-117.1
1.50786	1	0	19	-156.498
1.52986	1	0	13	-111.207
1.53486	1	0	18	-142.32
1.53586	1	0	6	-137.632
1.53886	1	0	8	-122.201
1.54086	1	0	17	-120.04
1.54586	1	0	4	-96.7491
1.55486	1	0	7	-108.427
1.55686	1	0	3	-109.646
1.55886	1	0	5	-125.592
1.56386	1	0	14	-165.732
1.56486	1	0	20	-113.226
1.56586	1	0	12	-97.545
1.57086	1	0	15	-183.142
1.57286	1	0	10	-158.252
1.57586	1	0	16	-92.1228
1.57886	1	0	1	-112.449
1.58186	1	0	9	-138.826
1.58386	1	0	11	-150.553
1.58486	1	0	2	-94.8702
1.58786	1	0	19	-136.937
1.60986	1	0	13	-112.74
1.61486	1	0	18	-141.825
1.61586	1	0	6	-137.828
1.61886	1	0	8	-120.741
1.62086	1	0	17	-120.919
1.62586	1	0	4	-96.5576
1.62993	1	0	18	-142.486
1.63093	1	0	18	-142.39
1.63486	1	0	7	-131.578
1.63586	1	0	18	-142.487
1.63686	1	0	3	-161.751
1.63886	1	0	5	-148.685
1.64086	1	0	18	-142.366
1.64386	1	0	14	-122.778
1.64486	1	0	20	-114.22
1.64579	1	0	18	-142.243
1.64586	1	0	12	-126.349
1.65079	1	0	18	-142.074
1.65086	1	0	15	-108.231
1.65286	1	0	10	-100.212
1.65586	1	0	16	-92.2378
1.65886	1	0	1	-131.487
1.66186	1	0	9	-137.858
1.66386	1	0	11	-128.156
1.66486	1	0	2	-114.791
1.66786	1	0	19	-117.566
1.68986	1	0	13	-115.319
1.69486	1	0	18	-141.043
1.69586	1	0	6	-174.1
1.69886	1	0	8	-141.436
1.70086	1	0	17	-139.999
1.70586	1	0	4	-96.3245
1.71486	1	0	7	-131.191
1.71686	1	0	3	-161.087
1.71886	1	0	5	-151.062
1.72386	1	0	14	-124.277
1.72486	1	0	20	-116.193
1.72586	1	0	12	-124.955
1.73086	1	0	15	-108.97
1.73286	1	0	10	-98.9873
1.73586	1	0	16	-122.892
1.73886	1	0	1	-131.593
1.74186	1	0	9	-96.9221
1.74386	1	0	11	-120.739
1.74486	1	0	2	-115.323
1.74786	1	0	19	-95.2702
1.76986	1	0	13	-114.33
1.77486	1	0	18	-140.655
1.77586	1	0	6	-174.206
1.77886	1	0	8	-121.895
1.78086	1	0	17	-98.8455
1.78586	1	0	4	-138.106
1.79486	1	0	7	-139.093
1.79686	1	0	3	-118.118
1.79886	1	0	5	-150.232
1.80386	1	0	14	-125.936
1.80486	1	0	20	-116.226
1.80586	1	0	12	-149.355
1.81086	1	0	15	-126.942
1.81286	1	0	10	-107.2
1.81586	1	0	16	-123.587
1.81886	1	0	1	-130.008
1.82186	1	0	9	-97.5082
1.82386	1	0	11	-119.749
1.82486	1	0	2	-115.261
1.82786	1	0	19	-96.12
1.84986	1	0	13	-97.3215
1.85486	1	0	18	-93.8635
1.85586	1	0	6	-101.467
1.85886	1	0	8	-139.803
1.86086	1	0	17	-142.235
1.86586	1	0	4	-95.1609
1.87486	1	0	7	-96.8445
1.87686	1	0	3	-116.813
1.87886	1	0	5	-150.474
1.88386	1	0	14	-168.768
1.88486	1	0	20	-94.0854
1.88586	1	0	12	-122.888
1.89086	1	0	15	-127.649
1.89286	1	0	10	-110.892
1.89586	1	0	16	-125.909
1.89886	1	0	1	-145.002
1.90186	1	0	9	-137.404
1.90386	1	0	11	-168.358
1.90486	1	0	2	-96.2592
1.90786	1	0	19	-144.58
1.92986	1	0	13	-97.0469
1.93486	1	0	18	-95.0247
1.93586	1	0	6	-101.395
1.93886	1	0	8	-140.201
1.94086	1	0	17	-99.5034
1.94586	1	0	4	-136.831
1.95486	1	0	7	-98.0065
1.95686	1	0	3	-118.995
1.95886	1	0	5	-121.681
1.96386	1	0	14	-107.482
1.96486	1	0	20	-95.7519
1.96586	1	0	12	-123.792
1.97086	1	0	15	-126.665
1.97286	1	0	10	-150.709
1.97586	1	0	16	-127.297
1.97886	1	0	1	-172.111
1.98186	1	0	9	-94.5677
1.98386	1	0	11	-117.103
1.98486	1	0	2	-95.8132
1.98786	1	0	19	-146.796
2.00986	1	0	13	-95.8966
2.01486	1	0	18	-98.229
2.01586	1	0	6	-114.504
2.01886	1	0	8	-127.18
2.02086	1	0	17	-99.3842
2.02586	1	0	4	-137.47
2.03486	1	0	7	-99.9489
2.03686	1	0	3	-116.938
2.03886	1	0	5	-120.287
2.04386	1	0	14	-123.375
2.04486	1	0	20	-100.183
2.04586	1	0	12	-124.622
2.05086	1	0	15	-112.781
2.05286	1	0	10	-100.883
2.05586	1	0	16	-93.3494
2.05886	1	0	1	-170.2
2.06186	1	0	9	-113.724
2.06386	1	0	11	-96.6296
2.06486	1	0	2	-115.779
2.06786	1	0	19	-147.11
2.08986	1	0	13	-95.6101
2.09486	1	0	18	-140.919
2.09586	1	0	6	-114.283
2.09886	1	0	8	-134.624
2.10086	1	0	17	-122.142
2.10586	1	0	4	-150.136
2.11486	1	0	7	-100.1
2.11686	1	0	3	-131.703
2.11886	1	0	5	-120.537
2.12386	1	0	14	-121.445
2.12486	1	0	20	-99.0148
2.12586	1	0	12	-124.546
2.13086	1	0	15	-114.356
2.13286	1	0	10	-100.673
2.13586	1	0	16	-94.6846
2.13886	1	0	1	-171.895
2.14186	1	0	9	-114.107
2.14386	1	0	11	-98.1721
2.14486	1	0	2	-115.786
2.14786	1	0	19	-145.685
2.16986	1	0	13	-91.8556
2.17486	1	0	18	-94.0018
2.17586	1	0	6	-114.627
2.17886	1	0	8	-99.8045
2.18086	1	0	17	-158.065
2.18586	1	0	4	-99.2543
2.19486	1	0	7	-143.768
2.19686	1	0	3	-130.259
2.19886	1	0	5	-104.698
2.20386	1	0	14	-120.877
2.20486	1	0	20	-99.109
2.20586	1	0	12	-146.61
2.21086	1	0	15	-157.161
2.21286	1	0	10	-133.672
2.21586	1	0	16	-127.899
2.21886	1	0	1	-124.063
2.22186	1	0	9	-87.2659
2.22386	1	0	11	-178.565
2.22486	1	0	2	-107.237
2.22786	1	0	19	-146.71
2.24986	1	0	13	-95.6685
2.25486	1	0	18	-141.027
2.25586	1	0	6	-126.946
2.25886	1	0	8	-169.674
2.26086	1	0	17	-156.709
2.26586	1	0	4	-95.8157
2.27486	1	0	7	-137.961
2.27686	1	0	3	-121.245
2.27886	1	0	5	-130.136
2.28386	1	0	14	-120.951
2.28486	1	0	20	-103.122
2.28586	1	0	12	-103.457
2.29086	1	0	15	-127.205
2.29286	1	0	10	-96.3108
2.29586	1	0	16	-127.524
2.29886	1	0	1	-123.094
2.30186	1	0	9	-107.154
2.30386	1	0	11	-127.011
2.30486	1	0	2	-128.759
2.30786	1	0	19	-106.93
2.32986	1	0	13	-111.442
2.33486	1	0	18	-139.934
2.33586	1	0	6	-128.087
2.33886	1	0	8	-171.663
2.34086	1	0	17	-98.9718
2.34586	1	0	4	-95.9665
2.34593	1	0	7	-135.67
2.34693	1	0	7	-135.75
2.35093	1	0	7	-135.846
2.35193	1	0	7	-135.92
2.35486	1	0	7	-95.0718
2.35686	1	0	3	-161.253
2.35886	1	0	5	-128.743
2.36386	1	0	14	-120.929
2.36486	1	0	20	-91.0772
2.36586	1	0	12	-119.222
2.37086	1	0	15	-126.806
2.37286	1	0	10	-123.304
2.37586	1	0	16	-88.5408
2.37886	1	0	1	-171.212
2.38186	1	0	9	-135.881
2.38386	1	0	11	-126.529
2.38486	1	0	2	-128.434
2.38786	1	0	19	-142.455
2.40986	1	0	13	-112.279
2.41486	1	0	18	-139.039
2.41586	1	0	6	-115.595
2.41886	1	0	8	-129.791
2.42086	1	0	17	-101.499
2.42586	1	0	4	-114.712
2.43486	1	0	7	-97.0812
2.43686	1	0	3	-162.843
2.43886	1	0	5	-126.105
2.44386	1	0	14	-120.964
2.44486	1	0	20	-92.5331
2.44586	1	0	12	-119.952
2.45086	1	0	15	-126.454
2.45286	1	0	10	-120.858
2.45586	1	0	16	-131.061
2.45886	1	0	1	-125.572
2.46186	1	0	9	-146.052
2.46386	1	0	11	-94.3816
2.46486	1	0	2	-145.052
2.46786	1	0	19	-154.752
2.48986	1	0	13	-111.085
2.49486	1	0	18	-94.4377
2.49586	1	0	6	-95.83
2.49886	1	0	8	-130.522
2.50086	1	0	17	-101.211
2.50586	1	0	4	-116.739
2.51486	1	0	7	-120.149
2.51686	1	0	3	-145.925
2.51886	1	0	5	-99.8804
2.52386	1	0	14	-119.455
2.52486	1	0	20	-114.45
2.52586	1	0	12	-130.998
2.53086	1	0	15	-100.519
2.53286	1	0	10	-136.978
2.53586	1	0	16	-129.351
2.53886	1	0	1	-126.089
2.54186	1	0	9	-145.285
2.54386	1	0	11	-95.5854
2.54486	1	0	2	-143.782
2.54786	1	0	19	-154.517
2.56986	1	0	13	-111.29
2.57486	1	0	18	-111.406
2.57586	1	0	6	-107.977
2.57886	1	0	8	-173.29
2.58086	1	0	17	-160.902
2.58586	1	0	4	-95.9782
2.59486	1	0	7	-121.753
2.59686	1	0	3	-114.139
2.59886	1	0	5	-123.388
2.60386	1	0	14	-123.933
2.60486	1	0	20	-112.175
2.60586	1	0	12	-108.83
2.61086	1	0	15	-123.669
2.61286	1	0	10	-136.891
2.61586	1	0	16	-108.266
2.61886	1	0	1	-108.282
2.62186	1	0	9	-98.3812
2.62386	1	0	11	-115.776
2.62486	1	0	2	-136.813
2.62786	1	0	19	-117.704
2.64986	1	0	13	-109.521
2.65486	1	0	18	-113.226
2.65586	1	0	6	-109.97
2.65886	1	0	8	-171.112
2.66086	1	0	17	-123.609
2.66586	1	0	4	-117.987
2.67486	1	0	7	-119.88
2.67686	1	0	3	-158.288
2.67886	1	0	5	-146.133
2.68386	1	0	14	-139.926
2.68486	1	0	20	-90.9263
2.68586	1	0	12	-129.297
2.69086	1	0	15	-124.375
2.69286	1	0	10	-144.634
2.69586	1	0	16	-92.6634
2.69886	1	0	1	-130.751
2.70186	1	0	9	-98.7564
2.70386	1	0	11	-154.325
2.70486	1	0	2	-97.1564
2.70786	1	0	19	-119.423
2.72986	1	0	13	-137.549
2.73486	1	0	18	-94.0444
2.73586	1	0	6	-108.022
2.73886	1	0	8	-130.762
2.74086	1	0	17	-123.589
2.74586	1	0	4	-117.177
2.75486	1	0	7	-120.635
2.75686	1	0	3	-157.079
2.75886	1	0	5	-145.932
2.76386	1	0	14	-121.813
2.76486	1	0	20	-91.546
2.76586	1	0	12	-167.977
2.77086	1	0	15	-103.479
2.77286	1	0	10	-145.619
2.77586	1	0	16	-90.3741
2.77886	1	0	1	-134.333
2.78186	1	0	9	-89.5988
2.78386	1	0	11	-171.218
2.78486	1	0	2	-142.978
2.78786	1	0	19	-121.235
2.80986	1	0	13	-109.325
2.81486	1	0	18	-140.292
2.81586	1	0	6	-92.6251
2.81886	1	0	8	-173.245
2.82086	1	0	17	-139.302
2.82586	1	0	4	-95.1589
2.83486	1	0	7	-119.233
2.83686	1	0	3	-111.456
2.83886	1	0	5	-142.899
2.84386	1	0	14	-121.334
2.84486	1	0	20	-91.9329
2.84586	1	0	12	-165.215
2.85086	1	0	15	-103.166
2.85286	1	0	10	-148
2.85586	1	0	16	-90.9835
2.85886	1	0	1	-133.37
2.86186	1	0	9	-88.7197
2.86386	1	0	11	-171.309
2.86486	1	0	2	-141.992
2.86786	1	0	19	-121.68
2.88986	1	0	13	-111.043
2.89486	1	0	18	-139.828
2.89586	1	0	6	-121.177
2.89886	1	0	8	-170.421
2.90086	1	0	17	-122.514
2.90586	1	0	4	-94.0938
2.91486	1	0	7	-109.788
2.91686	1	0	3	-138.332
2.91886	1	0	5	-143.525
2.92386	1	0	14	-106.657
2.92486	1	0	20	-115.678
2.92586	1	0	12	-164.527
2.93086	1	0	15	-146.043
2.93286	1	0	10	-132.957
2.93586	1	0	16	-102.969
2.93886	1	0	1	-119.962
2.94186	1	0	9	-93.6272
2.94386	1	0	11	-122.828
2.94486	1	0	2	-142.23
2.94786	1	0	19	-123.652
2.96986	1	0	13	-110.563
2.97486	1	0	18	-144.375
2.97586	1	0	6	-103.13
2.97886	1	0	8	-132.526
2.98086	1	0	17	-101.642
2.98586	1	0	4	-93.3229
2.99486	1	0	7	-120.722
2.99686	1	0	3	-156.545
2.99886	1	0	5	-141.875
3.00386	1	0	14	-143.615
3.00486	1	0	20	-104.931
3.00586	1	0	12	-164.223
3.01086	1	0	15	-121.039
3.01286	1	0	10	-133.597
3.01586	1	0	16	-95.7826
3.01886	1	0	1	-100.436
3.02186	1	0	9	-91.8115
3.02386	1	0	11	-122.418
3.02486	1	0	2	-111.74
3.02786	1	0	19	-123.361
3.04986	1	0	13	-92.6008
3.05486	1	0	18	-144.945
3.05586	1	0	6	-103.304
3.05886	1	0	8	-130.909
3.06086	1	0	17	-142.322
3.06586	1	0	4	-93.4285
3.07486	1	0	7	-120.746
3.07686	1	0	3	-116.61
3.07886	1	0	5	-106.414
3.08386	1	0	14	-125.024
3.08486	1	0	20	-96.4838
3.08586	1	0	12	-124.392
3.09086	1	0	15	-121.278
3.09286	1	0	10	-139.941
3.09586	1	0	16	-95.077
3.09886	1	0	1	-124.746
3.10186	1	0	9	-92.3541
3.10386	1	0	11	-120.699
3.10486	1	0	2	-112.527
3.10786	1	0	19	-170.227
3.11593	1	0	13	-111.977
3.11693	1	0	13	-112.116
3.11693	1	0	5	-106.369
3.11793	1	0	5	-106.198
3.11793	1	0	3	-115.037
3.11793	1	0	12	-124.567
3.11793	1	0	15	-120.818
3.11893	1	0	3	-115.195
3.11893	1	0	12	-124.465
3.11893	1	0	15	-120.817
3.11893	1	0	8	-129.12
3.11893	1	0	16	-94.4103
3.11993	1	0	8	-129.156
3.11993	1	0	16	-94.34
3.11993	1	0	1	-123.295
3.11993	1	0	9	-92.5229
3.11993	1	0	11	-120.954
3.12093	1	0	1	-123.291
3.12093	1	0	9	-92.3963
3.12093	1	0	11	-120.824
3.12093	1	0	14	-123.844
3.12186	1	0	13	-111.932
3.12193	1	0	14	-123.911
3.12193	1	0	6	-128.978
3.12293	1	0	6	-128.931
3.12379	1	0	12	-124.694
3.12386	1	0	3	-114.756
3.12393	1	0	2	-112.626
3.12393	1	0	17	-142.094
3.12486	1	0	8	-129.178
3.12493	1	0	2	-112.244
3.12493	1	0	17	-142.048
3.12493	1	0	4	-113.516
3.12493	1	0	20	-96.9251
3.12571	1	0	11	-120.975
3.12579	1	0	9	-92.7029
3.12586	1	0	1	-123.908
3.12593	1	0	4	-113.577
3.12593	1	0	20	-96.804
3.12679	1	0	14	-123.846
3.12686	1	0	13	-111.771
3.12786	1	0	6	-128.859
3.12879	1	0	3	-115.21
3.12886	1	0	12	-124.897
3.12964	1	0	17	-141.778
3.12971	1	0	2	-112.155
3.12979	1	0	8	-128.676
3.12986	1	0	13	-111.762
3.13057	1	0	20	-96.537
3.13064	1	0	4	-113.769
3.13071	1	0	9	-92.6301
3.13079	1	0	1	-123.786
3.13086	1	0	11	-121.132
3.13093	1	0	6	-128.55
3.13093	1	0	17	-141.8
3.13093	1	0	2	-112.249
3.13179	1	0	13	-111.994
3.13186	1	0	14	-123.821
3.13286	1	0	6	-128.584
3.13379	1	0	12	-124.809
3.13386	1	0	3	-115.47
3.13464	1	0	8	-128.996
3.13471	1	0	2	-112.259
3.13479	1	0	17	-141.921
3.13486	1	0	18	-118.556
3.1355	1	0	17	-141.907
3.13557	1	0	2	-112.37
3.13564	1	0	11	-120.712
3.13571	1	0	1	-123.071
3.13579	1	0	4	-113.973
3.13586	1	0	6	-128.743
3.13671	1	0	6	-128.665
3.13679	1	0	14	-123.357
3.13686	1	0	13	-112.296
3.13693	1	0	14	-123.337
3.13786	1	0	6	-128.687
3.13871	1	0	3	-115.384
3.13879	1	0	12	-124.64
3.13886	1	0	8	-129.204
3.13971	1	0	17	-141.669
3.13979	1	0	2	-111.814
3.13986	1	0	8	-128.931
3.1405	1	0	4	-113.626
3.14057	1	0	1	-123.419
3.14064	1	0	11	-120.459
3.14071	1	0	2	-111.783
3.14079	1	0	17	-141.89
3.14086	1	0	17	-141.854
3.14179	1	0	14	-123.191
3.14186	1	0	6	-129.268
3.14279	1	0	14	-123.297
3.14286	1	0	6	-129.099
3.14479	1	0	2	-111.902
3.14486	1	0	17	-142.058
3.14564	1	0	17	-142.207
3.14571	1	0	2	-111.906
3.14579	1	0	4	-113.063
3.14586	1	0	4	-113.046
3.14686	1	0	6	-128.878
3.14693	1	0	20	-96.2051
3.14786	1	0	14	-122.735
3.15079	1	0	2	-112.056
3.15086	1	0	17	-141.954
3.15179	1	0	20	-96.1746
3.15186	1	0	6	-129.108
3.15286	1	0	14	-122.604
3.15486	1	0	7	-120.564
3.15686	1	0	3	-116.398
3.15786	1	0	14	-122.555
3.15886	1	0	5	-105.683
3.16386	1	0	14	-122.428
3.16486	1	0	20	-96.8239
3.16586	1	0	12	-124.808
3.17086	1	0	15	-119.619
3.17286	1	0	10	-140.534
3.17586	1	0	16	-113.273
3.17886	1	0	1	-104.066
3.18186	1	0	9	-92.3703
3.18386	1	0	11	-102.536
3.18486	1	0	2	-122.39
3.18786	1	0	19	-170.139
3.20986	1	0	13	-112.841
3.21486	1	0	18	-91.7328
3.21586	1	0	6	-163.01
3.21793	1	0	5	-141.823
3.21886	1	0	8	-126.262
3.21893	1	0	15	-143.04
3.21993	1	0	16	-113.062
3.22086	1	0	17	-99.786
3.22286	1	0	5	-141.029
3.22386	1	0	15	-142.835
3.22486	1	0	16	-112.926
3.22586	1	0	4	-112.948
3.22786	1	0	5	-141.566
3.22886	1	0	15	-142.899
3.22893	1	0	10	-140.265
3.22986	1	0	16	-113.045
3.22993	1	0	10	-140.203
3.23286	1	0	5	-141.802
3.23386	1	0	15	-142.887
3.23479	1	0	16	-113.489
3.23486	1	0	7	-150.433
3.23686	1	0	3	-156.506
3.23786	1	0	5	-141.9
3.23879	1	0	15	-143.332
3.23886	1	0	5	-141.936
3.23986	1	0	16	-113.689
3.24386	1	0	14	-127.731
3.24486	1	0	20	-119.586
3.24586	1	0	12	-121.639
3.25086	1	0	15	-143.171
3.25093	1	0	9	-91.7802
3.25193	1	0	9	-91.8947
3.25286	1	0	10	-139.091
3.25586	1	0	16	-113.426
3.25593	1	0	20	-119.824
3.25686	1	0	9	-92.1744
3.25693	1	0	20	-119.838
3.25886	1	0	1	-105.596
3.26093	1	0	20	-119.724
3.26186	1	0	9	-92.2998
3.26193	1	0	20	-119.629
3.26386	1	0	11	-101.962
3.26486	1	0	2	-123.373
3.26686	1	0	20	-119.293
3.26786	1	0	19	-171.27
3.27186	1	0	20	-119.233
3.27686	1	0	20	-143.524
3.28186	1	0	20	-143.263
3.28293	1	0	9	-140.056
3.28393	1	0	9	-140.047
3.28793	1	0	9	-139.819
3.28893	1	0	9	-139.805
3.28986	1	0	13	-113.839
3.29293	1	0	9	-139.929
3.29393	1	0	9	-139.975
3.29486	1	0	18	-114.749
3.29586	1	0	6	-140.495
3.29793	1	0	9	-140.57
3.29886	1	0	8	-124.287
3.29893	1	0	9	-140.563
3.30086	1	0	17	-155.496
3.30586	1	0	4	-91.6414
3.31486	1	0	7	-152.637
3.31686	1	0	3	-116.569
3.31886	1	0	5	-116.947
3.32386	1	0	14	-174.361
3.32486	1	0	20	-144.63
3.32586	1	0	12	-122.448
3.33086	1	0	15	-143.7
3.33286	1	0	10	-137.018
3.33586	1	0	16	-114.602
3.33886	1	0	1	-103.615
3.34186	1	0	9	-138.932
3.34386	1	0	11	-138.855
3.34486	1	0	2	-116.857
3.34786	1	0	19	-125.356
3.36986	1	0	13	-113.578
3.37486	1	0	18	-111.599
3.37586	1	0	6	-141.594
3.37886	1	0	8	-125.786
3.38086	1	0	17	-139.69
3.38586	1	0	4	-111.108
3.39486	1	0	7	-92.5334
3.39686	1	0	3	-117.01
3.39886	1	0	5	-116.599
3.40386	1	0	14	-174.498
3.40486	1	0	20	-104.271
3.40586	1	0	12	-142.431
3.41086	1	0	15	-119.876
3.41286	1	0	10	-118.517
3.41586	1	0	16	-114.424
3.41886	1	0	1	-161.719
3.41993	1	0	19	-171.934
3.42093	1	0	19	-171.679
3.42186	1	0	9	-90.6589
3.42386	1	0	11	-121.803
3.42486	1	0	2	-153.86
3.42493	1	0	19	-171.914
3.42593	1	0	19	-171.901
3.42786	1	0	19	-171.982
3.42993	1	0	19	-172.28
3.43093	1	0	19	-172.031
3.43493	1	0	19	-171.629
3.43593	1	0	19	-171.682
3.44986	1	0	13	-114.653
3.45193	1	0	9	-90.8749
3.45486	1	0	18	-92.0498
3.45586	1	0	6	-121.901
3.45686	1	0	9	-90.9414
3.45886	1	0	8	-125.89
3.46086	1	0	17	-140.656
3.46586	1	0	4	-111.471
3.47486	1	0	7	-92.7598
3.47686	1	0	3	-118.069
3.47886	1	0	5	-116.627
3.48293	1	0	9	-136.528
3.48386	1	0	14	-176.222
3.48393	1	0	9	-136.562
3.48486	1	0	20	-96.634
3.48586	1	0	12	-146.232
3.49086	1	0	15	-120.644
3.49286	1	0	10	-102.159
3.49586	1	0	16	-95.7561
3.49886	1	0	1	-158.109
3.50186	1	0	9	-136.558
3.50386	1	0	11	-139.134
3.50486	1	0	2	-154.822
3.50786	1	0	19	-126.092
3.52986	1	0	13	-95.4486
3.53486	1	0	18	-108.888
3.53586	1	0	6	-163.698
3.53886	1	0	8	-165.373
3.54086	1	0	17	-93.7781
3.54586	1	0	4	-92.055
3.55486	1	0	7	-92.5499
3.55686	1	0	3	-115.928
3.55886	1	0	5	-117.437
3.56386	1	0	14	-176.918
3.56486	1	0	20	-96.6906
3.56586	1	0	12	-146.389
3.57086	1	0	15	-121.175
3.57286	1	0	10	-104.427
3.57586	1	0	16	-96.0503
3.57886	1	0	1	-158.961
3.58186	1	0	9	-88.1462
3.58386	1	0	11	-122.146
3.58393	1	0	9	-88.3885
3.58486	1	0	2	-100.146
3.58786	1	0	19	-123.415
3.58886	1	0	9	-88.5126
3.60986	1	0	13	-114.534
3.61486	1	0	18	-117.871
3.61493	1	0	9	-88.2535
3.61586	1	0	6	-121.497
3.61593	1	0	9	-88.186
3.61886	1	0	8	-165.257
3.62079	1	0	9	-88.3001
3.62086	1	0	17	-117.407
3.62586	1	0	4	-90.0702
3.62993	1	0	18	-117.341
3.63093	1	0	18	-117.122
3.63486	1	0	7	-112.853
3.63586	1	0	18	-117.063
3.63686	1	0	3	-122.125
3.63886	1	0	5	-117.036
3.64086	1	0	18	-117.057
3.64386	1	0	14	-178.869
3.64486	1	0	20	-124.725
3.64579	1	0	18	-117.328
3.64586	1	0	12	-131.091
3.64593	1	0	9	-88.3436
3.64693	1	0	9	-88.2679
3.65079	1	0	18	-117.238
3.65086	1	0	15	-145.576
3.65186	1	0	9	-88.0959
3.65286	1	0	10	-114.865
3.65586	1	0	16	-100.156
3.65886	1	0	1	-117.41
3.66186	1	0	9	-89.1073
3.66386	1	0	11	-122.047
3.66486	1	0	2	-99.9118
3.66786	1	0	19	-122.405
3.67793	1	0	9	-89.0016
3.67893	1	0	9	-89.0781
3.68386	1	0	9	-135.729
3.68886	1	0	9	-135.522
3.68986	1	0	13	-94.5142
3.69386	1	0	9	-135.507
3.69486	1	0	18	-89.9213
3.69586	1	0	6	-117.186
3.69879	1	0	9	-135.332
3.69886	1	0	8	-100.936
3.70086	1	0	17	-142.36
3.70586	1	0	4	-89.1632
3.71486	1	0	7	-136.146
3.71686	1	0	3	-123.166
3.71886	1	0	5	-95.5096
3.72386	1	0	14	-101.451
3.72486	1	0	20	-126.589
3.72586	1	0	12	-118.846
3.73086	1	0	15	-145.641
3.73286	1	0	10	-116.311
3.73586	1	0	16	-109.303
3.73886	1	0	1	-156.78
3.74186	1	0	9	-133.886
3.74386	1	0	11	-141.303
3.74486	1	0	2	-120.46
3.74786	1	0	19	-168.39
3.76986	1	0	13	-93.9626
3.77486	1	0	18	-90.0964
3.77586	1	0	6	-116.858
3.77886	1	0	8	-101.418
3.78086	1	0	17	-118.663
3.78586	1	0	4	-107.296
3.79486	1	0	7	-134.305
3.79686	1	0	3	-160.352
3.79886	1	0	5	-121.573
3.80386	1	0	14	-99.5997
3.80486	1	0	20	-101.224
3.80586	1	0	12	-120.255
3.81086	1	0	15	-119.557
3.81286	1	0	10	-135.399
3.81586	1	0	16	-91.8762
3.81886	1	0	1	-156.768
3.82186	1	0	9	-133.502
3.82386	1	0	11	-122.953
3.82486	1	0	2	-157.955
3.82786	1	0	19	-168.096
3.84986	1	0	13	-95.4808
3.85486	1	0	18	-88.3289
3.85586	1	0	6	-92.6141
3.85886	1	0	8	-113.577
3.86086	1	0	17	-120.265
3.86586	1	0	4	-105.864
3.87486	1	0	7	-131.781
3.87686	1	0	3	-159.434
3.87886	1	0	5	-120.163
3.88386	1	0	14	-175.899
3.88486	1	0	20	-126.086
3.88586	1	0	12	-118.342
3.89086	1	0	15	-119.5
3.89286	1	0	10	-114.992
3.89586	1	0	16	-92.8776
3.89886	1	0	1	-98.5742
3.90186	1	0	9	-88.3385
3.90386	1	0	11	-124.051
3.90486	1	0	2	-160.665
3.90786	1	0	19	-166.296
3.92986	1	0	13	-110.043
3.93486	1	0	18	-89.1652
3.93586	1	0	6	-114.769
3.93886	1	0	8	-113.353
3.94086	1	0	17	-141.204
3.94586	1	0	4	-85.3671
3.95486	1	0	7	-130.543
3.95686	1	0	3	-97.7895
3.95886	1	0	5	-120.271
3.96386	1	0	14	-175.548
3.96486	1	0	20	-124.511
3.96586	1	0	12	-149.665
3.97086	1	0	15	-121.068
3.97286	1	0	10	-115.684
3.97586	1	0	16	-94.2829
3.97886	1	0	1	-99.0728
3.98186	1	0	9	-87.7977
3.98386	1	0	11	-124.814
3.98486	1	0	2	-160.911
3.98786	1	0	19	-121.178
4.00986	1	0	13	-92.0032
4.01486	1	0	18	-116.451
4.01586	1	0	6	-114.651
4.01886	1	0	8	-151.615
4.02086	1	0	17	-140.152
4.02586	1	0	4	-108.127
4.03486	1	0	7	-90.7394
4.03686	1	0	3	-161.437
4.03886	1	0	5	-113.736
4.04386	1	0	14	-176.405
4.04486	1	0	20	-94.5756
4.04586	1	0	12	-116.174
4.05086	1	0	15	-145.335
4.05286	1	0	10	-136.698
4.05586	1	0	16	-114.699
4.05886	1	0	1	-122.918
4.06186	1	0	9	-87.672
4.06386	1	0	11	-128.117
4.06486	1	0	2	-122.2
4.06786	1	0	19	-120.814
4.08986	1	0	13	-90.8521
4.09486	1	0	18	-114.653
4.09586	1	0	6	-135.185
4.09886	1	0	8	-110.384
4.10086	1	0	17	-140.708
4.10586	1	0	4	-89.1976
4.11486	1	0	7	-112.167
4.11686	1	0	3	-121.236
4.11886	1	0	5	-118.615
4.12386	1	0	14	-128.418
4.12486	1	0	20	-122.261
4.12586	1	0	12	-115.892
4.13086	1	0	15	-145.363
4.13286	1	0	10	-115.085
4.13586	1	0	16	-115.313
4.13886	1	0	1	-164.683
4.14186	1	0	9	-134.137
4.14386	1	0	11	-105.792
4.14486	1	0	2	-124.936
4.14786	1	0	19	-167.28
4.16986	1	0	13	-111.248
4.17486	1	0	18	-113.71
4.17586	1	0	6	-133.313
4.17886	1	0	8	-110.788
4.18086	1	0	17	-141.744
4.18586	1	0	4	-88.3629
4.19486	1	0	7	-110.849
4.19686	1	0	3	-122.39
4.19886	1	0	5	-121.819
4.20386	1	0	14	-124.811
4.20486	1	0	20	-123.431
4.20586	1	0	12	-116.018
4.21086	1	0	15	-130.919
4.21286	1	0	10	-116.645
4.21586	1	0	16	-142.664
4.21886	1	0	1	-164.919
4.22186	1	0	9	-132.387
4.22386	1	0	11	-123.957
4.22486	1	0	2	-138.779
4.22786	1	0	19	-118.929
4.24986	1	0	13	-111.425
4.25486	1	0	18	-85.3546
4.25586	1	0	6	-132.709
4.25886	1	0	8	-106.463
4.26086	1	0	17	-122.275
4.26586	1	0	4	-108.396
4.27486	1	0	7	-111.419
4.27686	1	0	3	-123.147
4.27886	1	0	5	-121.079
4.28386	1	0	14	-123.542
4.28486	1	0	20	-124.026
4.28586	1	0	12	-116.56
4.29086	1	0	15	-129.859
4.29286	1	0	10	-116.045
4.29586	1	0	16	-143.164
4.29886	1	0	1	-163.12
4.30186	1	0	9	-132.171
4.30386	1	0	11	-125.407
4.30486	1	0	2	-136.867
4.30786	1	0	19	-119.543
4.32986	1	0	13	-91.5789
4.33486	1	0	18	-85.4301
4.33586	1	0	6	-110.298
4.33886	1	0	8	-126.158
4.34086	1	0	17	-122.595
4.34586	1	0	4	-111.282
4.34593	1	0	7	-96.1815
4.34693	1	0	7	-96.0866
4.35486	1	0	7	-96.1454
4.35686	1	0	3	-123.439
4.35886	1	0	5	-101.195
4.36386	1	0	14	-112.882
4.36486	1	0	20	-96.0555
4.36586	1	0	12	-151.585
4.37086	1	0	15	-126.201
4.37286	1	0	10	-100.385
4.37586	1	0	16	-142.926
4.37886	1	0	1	-121.132
4.38186	1	0	9	-133.535
4.38386	1	0	11	-125.831
4.38486	1	0	2	-136.065
4.38786	1	0	19	-120.376
4.40986	1	0	13	-93.8696
4.41486	1	0	18	-85.7309
4.41586	1	0	6	-93.6946
4.41886	1	0	8	-106.721
4.42086	1	0	17	-117.001
4.42586	1	0	4	-111.123
4.43486	1	0	7	-141.825
4.43686	1	0	3	-122.276
4.43886	1	0	5	-99.924
4.44386	1	0	14	-133.007
4.44486	1	0	20	-124.578
4.44586	1	0	12	-116.533
4.45086	1	0	15	-151.327
4.45286	1	0	10	-135.617
4.45586	1	0	16	-122.877
4.45886	1	0	1	-104.262
4.46186	1	0	9	-134.155
4.46386	1	0	11	-151.376
4.46486	1	0	2	-116.238
4.46786	1	0	19	-164.807
4.48986	1	0	13	-93.43
4.49486	1	0	18	-85.7871
4.49586	1	0	6	-96.7323
4.49886	1	0	8	-107.758
4.50086	1	0	17	-101.3
4.50586	1	0	4	-128.354
4.51486	1	0	7	-140.653
4.51686	1	0	3	-123.81
4.51886	1	0	5	-101.099
4.52386	1	0	14	-101.172
4.52486	1	0	20	-96.9978
4.52586	1	0	12	-119.75
4.53086	1	0	15	-124.982
4.53286	1	0	10	-135.846
4.53586	1	0	16	-92.5116
4.53886	1	0	1	-121.675
4.54186	1	0	9	-135.487
4.54386	1	0	11	-127.109
4.54486	1	0	2	-139.962
4.54786	1	0	19	-121.326
4.56986	1	0	13	-111.727
4.57486	1	0	18	-113.893
4.57586	1	0	6	-95.244
4.57886	1	0	8	-140.52
4.58086	1	0	17	-101.702
4.58586	1	0	4	-128.044
4.59486	1	0	7	-136.51
4.59686	1	0	3	-125.006
4.59886	1	0	5	-101.762
4.60386	1	0	14	-143.093
4.60486	1	0	20	-122.034
4.60586	1	0	12	-118.199
4.61086	1	0	15	-123.589
4.61286	1	0	10	-116.326
4.61586	1	0	16	-92.8452
4.61886	1	0	1	-165.831
4.62186	1	0	9	-134.281
4.62386	1	0	11	-125.593
4.62486	1	0	2	-164.837
4.62786	1	0	19	-111.41
4.64986	1	0	13	-117.002
4.65486	1	0	18	-84.9753
4.65586	1	0	6	-110.912
4.65886	1	0	8	-141.078
4.66086	1	0	17	-113.068
4.66586	1	0	4	-90.2148
4.67486	1	0	7	-99.6416
4.67686	1	0	3	-122.861
4.67886	1	0	5	-158.602
4.68386	1	0	14	-141.942
4.68486	1	0	20	-121.587
4.68586	1	0	12	-118.861
4.69086	1	0	15	-124.386
4.69286	1	0	10	-119.637
4.69586	1	0	16	-93.7384
4.69886	1	0	1	-166.442
4.70186	1	0	9	-137.945
4.70386	1	0	11	-124.501
4.70486	1	0	2	-162.184
4.70786	1	0	19	-113.041
4.72986	1	0	13	-119.077
4.73486	1	0	18	-113.947
4.73586	1	0	6	-107.5
4.73886	1	0	8	-117.13
4.74086	1	0	17	-113.87
4.74586	1	0	4	-113.816
4.75486	1	0	7	-114.924
4.75686	1	0	3	-124.108
4.75886	1	0	5	-115.746
4.76386	1	0	14	-144.001
4.76486	1	0	20	-119.412
4.76586	1	0	12	-163.783
4.77086	1	0	15	-97.3526
4.77286	1	0	10	-121.411
4.77586	1	0	16	-123.31
4.77886	1	0	1	-165.763
4.78186	1	0	9	-91.4152
4.78386	1	0	11	-146.361
4.78486	1	0	2	-121.19
4.78786	1	0	19	-113.398
4.80986	1	0	13	-119.946
4.81486	1	0	18	-115.437
4.81586	1	0	6	-107.455
4.81886	1	0	8	-115.029
4.82086	1	0	17	-113.281
4.82586	1	0	4	-90.6046
4.83486	1	0	7	-140.756
4.83686	1	0	3	-120.942
4.83886	1	0	5	-158.967
4.84386	1	0	14	-125.987
4.84486	1	0	20	-119.313
4.84586	1	0	12	-125.691
4.85086	1	0	15	-150.91
4.85286	1	0	10	-103.239
4.85586	1	0	16	-93.8013
4.85886	1	0	1	-165.743
4.86186	1	0	9	-90.8787
4.86386	1	0	11	-145.5
4.86486	1	0	2	-120.775
4.86786	1	0	19	-161.367
4.88986	1	0	13	-122.106
4.89486	1	0	18	-115.453
4.89586	1	0	6	-106.798
4.89886	1	0	8	-113.355
4.90086	1	0	17	-113.422
4.90586	1	0	4	-91.8814
4.91486	1	0	7	-139.73
4.91686	1	0	3	-94.2456
4.91886	1	0	5	-116.22
4.92386	1	0	14	-145.694
4.92486	1	0	20	-117.848
4.92586	1	0	12	-123.582
4.93086	1	0	15	-123.028
4.93286	1	0	10	-120.265
4.93586	1	0	16	-123.872
4.93886	1	0	1	-105.565
4.94186	1	0	9	-136.215
4.94386	1	0	11	-121.699
4.94486	1	0	2	-158.966
4.94786	1	0	19	-163.522
4.96986	1	0	13	-123
4.97486	1	0	18	-114.82
4.97586	1	0	6	-104.489
4.97886	1	0	8	-121.113
4.98086	1	0	17	-155.837
4.98586	1	0	4	-91.9324
4.99486	1	0	7	-138.934
4.99686	1	0	3	-94.0915
4.99886	1	0	5	-115.665
