Time	CellId	RNTI	BWPId	SINR(dB)
0.413143	1	7	0	8.6318
0.413143	3	22	0	-4.23221
0.413214	1	6	0	24.6697
0.413214	3	21	0	40.5112
0.413286	3	20	0	32.5305
0.413357	1	5	0	14.8675
0.413357	3	19	0	5.90642
0.413429	3	18	0	54.068
0.4135	1	4	0	49.4904
0.4135	3	12	0	31.2384
0.413571	3	11	0	16.1825
0.413643	1	3	0	30.3143
0.413643	3	10	0	27.9797
0.413714	3	9	0	8.37478
0.413786	1	2	0	51.9755
0.413786	3	8	0	24.4712
0.413857	3	7	0	48.5712
0.413929	1	1	0	14.1822
0.414143	1	7	0	8.70921
0.414143	3	22	0	-5.55311
0.414214	1	6	0	25.017
0.414214	3	21	0	40.7497
0.414286	3	20	0	32.8679
0.414357	1	5	0	14.5679
0.414357	3	19	0	6.77263
0.414429	3	18	0	54.3563
0.4145	1	4	0	49.522
0.4145	3	12	0	31.3276
0.414571	3	11	0	16.1545
0.414643	1	3	0	25.0173
0.414643	3	10	0	27.5978
0.414714	3	9	0	8.53269
0.414786	1	2	0	52.3246
0.414786	3	8	0	24.3431
0.414857	3	7	0	48.4631
0.414929	1	1	0	13.4594
0.415143	1	7	0	8.83806
0.415143	3	22	0	-3.59234
0.415214	1	6	0	25.438
0.415214	3	21	0	40.9128
0.415286	1	5	0	14.921
0.415286	3	20	0	32.568
0.415357	3	19	0	7.20903
0.415429	1	4	0	49.2052
0.415429	3	18	0	53.9288
0.4155	3	12	0	32.6775
0.415571	1	3	0	32.2883
0.415571	3	11	0	16.3257
0.415643	3	10	0	25.662
0.415714	1	2	0	48.2002
0.415714	3	9	0	8.69548
0.415786	3	8	0	25.2734
0.415857	1	1	0	13.5808
0.415857	3	7	0	48.5765
0.415929	3	6	0	23.9965
0.416143	1	7	0	8.73732
0.416143	3	22	0	-4.65898
0.416214	1	6	0	25.8162
0.416214	3	21	0	40.8553
0.416286	3	20	0	32.8757
0.416357	1	5	0	14.6126
0.416357	3	19	0	6.32498
0.416429	3	18	0	54.4359
0.4165	1	4	0	49.0335
0.4165	3	12	0	31.2927
0.416571	3	11	0	15.9728
0.416643	1	3	0	30.896
0.416643	3	10	0	27.6952
0.416714	3	9	0	8.77655
0.416786	1	2	0	51.8919
0.416786	3	8	0	24.8688
0.416857	3	7	0	48.6642
0.416929	1	1	0	12.7653
0.416929	3	6	0	-0.326893
0.417143	1	7	0	8.24374
0.417143	3	22	0	-3.74822
0.417214	1	6	0	25.5963
0.417214	3	21	0	40.8035
0.417286	3	20	0	32.5507
0.417357	1	5	0	14.5041
0.417357	3	19	0	6.75132
0.417429	3	18	0	54.8042
0.4175	1	4	0	49.0989
0.4175	3	12	0	31.2174
0.417571	3	11	0	15.7773
0.417643	1	3	0	30.5668
0.417643	3	10	0	26.8516
0.417714	3	9	0	8.88562
0.417786	1	2	0	52.18
0.417786	3	8	0	24.7736
0.417857	3	7	0	48.7508
0.417929	1	1	0	13.4852
0.417929	3	6	0	-0.536513
0.418143	1	7	0	7.84499
0.418143	3	22	0	-3.99065
0.418214	1	6	0	25.7223
0.418214	3	21	0	40.9436
0.418286	3	20	0	32.3871
0.418357	1	5	0	14.6733
0.418357	3	19	0	6.4173
0.418429	3	18	0	54.1532
0.4185	1	4	0	49.1555
0.4185	3	12	0	31.4593
0.418571	3	11	0	15.8556
0.418643	1	3	0	30.2719
0.418643	3	10	0	27.1514
0.418714	3	9	0	8.87032
0.418786	1	2	0	51.7522
0.418786	3	8	0	24.8491
0.418857	3	7	0	48.7251
0.418929	1	1	0	12.9171
0.418929	3	6	0	-0.0761011
0.419143	1	7	0	7.82018
0.419143	3	22	0	-4.43819
0.419214	1	6	0	26.4182
0.419214	3	21	0	41.0815
0.419286	3	20	0	32.6776
0.419357	1	5	0	14.6406
0.419357	3	19	0	6.40658
0.419429	3	18	0	53.9241
0.4195	1	4	0	49.1584
0.4195	3	12	0	31.6404
0.419571	3	11	0	16.3716
0.419643	1	3	0	26.3571
0.419643	3	10	0	27.6271
0.419714	3	9	0	9.03002
0.419786	1	2	0	51.355
0.419786	3	8	0	24.634
0.419857	3	7	0	48.7665
0.419929	1	1	0	13.7206
0.419929	3	6	0	-0.11671
0.420143	1	7	0	7.95644
0.420143	3	22	0	-3.05773
0.420214	1	6	0	26.4477
0.420214	3	21	0	40.8964
0.420286	3	20	0	32.2975
0.420357	1	5	0	14.763
0.420357	3	19	0	6.58966
0.420429	3	18	0	54.7973
0.4205	1	4	0	48.9502
0.4205	3	12	0	31.4725
0.420571	3	11	0	16.6223
0.420643	1	3	0	31.0763
0.420643	3	10	0	27.5735
0.420714	3	9	0	9.23123
0.420786	1	2	0	51.6171
0.420786	3	8	0	24.6293
0.420857	3	7	0	48.9196
0.420929	1	1	0	13.1982
0.420929	3	6	0	-0.273386
0.421143	1	7	0	7.94739
0.421143	3	22	0	-4.66954
0.421214	1	6	0	26.2916
0.421214	3	21	0	41.0186
0.421286	3	20	0	33.3261
0.421357	1	5	0	14.55
0.421357	3	19	0	6.26826
0.421429	3	18	0	54.6998
0.4215	1	4	0	49.0015
0.4215	3	12	0	31.5431
0.421571	3	11	0	16.4539
0.421643	1	3	0	30.4627
0.421643	3	10	0	27.355
0.421714	3	9	0	9.36049
0.421786	1	2	0	51.2764
0.421786	3	8	0	24.6398
0.421857	3	7	0	48.901
0.421929	1	1	0	13.749
0.422143	1	7	0	8.1218
0.422143	3	22	0	-2.82173
0.422214	1	6	0	26.1202
0.422214	3	21	0	40.8276
0.422286	3	20	0	32.9966
0.422357	1	5	0	14.274
0.422357	3	19	0	6.08167
0.422429	3	18	0	54.3323
0.4225	1	4	0	49.0793
0.4225	3	12	0	31.631
0.422571	3	11	0	16.3919
0.422643	1	3	0	30.3716
0.422643	3	10	0	27.7042
0.422714	3	9	0	9.48912
0.422786	1	2	0	51.1844
0.422786	3	8	0	24.9253
0.422857	3	7	0	48.7762
0.422929	1	1	0	13.0146
0.422929	3	6	0	-0.283565
0.423143	1	7	0	7.94512
0.423143	3	22	0	-3.87136
0.423214	1	6	0	26.146
0.423214	3	21	0	40.6081
0.423286	3	20	0	33.6484
0.423357	1	5	0	14.4617
0.423357	3	19	0	5.86195
0.423429	3	18	0	55.0711
0.4235	1	4	0	49.1212
0.4235	3	12	0	31.801
0.423571	3	11	0	16.088
0.423643	1	3	0	30.2638
0.423643	3	10	0	27.9724
0.423714	3	9	0	9.23463
0.423786	1	2	0	51.5934
0.423786	3	8	0	24.9767
0.423857	3	7	0	48.7198
0.423929	1	1	0	13.7823
0.423929	3	6	0	-0.211079
0.424143	1	7	0	7.78406
0.424143	3	22	0	-2.75228
0.424214	1	6	0	26.0885
0.424214	3	21	0	40.6487
0.424286	3	20	0	33.4137
0.424357	1	5	0	14.1912
0.424357	3	19	0	5.33418
0.424429	3	18	0	54.5519
0.4245	1	4	0	49.0855
0.4245	3	12	0	31.6201
0.424571	3	11	0	16.1409
0.424643	1	3	0	27.6025
0.424643	3	10	0	27.4667
0.424714	3	9	0	9.1967
0.424786	1	2	0	51.3521
0.424786	3	8	0	24.8298
0.424857	3	7	0	48.9908
0.424929	1	1	0	12.9893
0.424929	3	6	0	0.0619152
0.425143	1	7	0	7.61086
0.425143	3	22	0	-2.58466
0.425214	1	6	0	26.24
0.425214	3	21	0	40.6082
0.425286	1	5	0	14.3477
0.425286	3	20	0	33.7072
0.425357	3	19	0	6.05449
0.425429	1	4	0	49.1135
0.425429	3	18	0	54.2703
0.4255	3	12	0	32.6065
0.425571	1	3	0	34.2713
0.425571	3	11	0	16.0634
0.425643	3	10	0	25.2731
0.425714	1	2	0	47.3904
0.425714	3	9	0	9.20174
0.425786	3	8	0	25.5191
0.425857	1	1	0	13.7253
0.425857	3	7	0	49.0012
0.425929	3	6	0	24.1429
0.426143	1	7	0	7.61975
0.426143	3	22	0	-3.00338
0.426214	1	6	0	25.7853
0.426214	3	21	0	40.6834
0.426286	3	20	0	33.2443
0.426357	1	5	0	14.2916
0.426357	3	19	0	4.59896
0.426429	3	18	0	54.5869
0.4265	1	4	0	49.2708
0.4265	3	12	0	31.4208
0.426571	3	11	0	15.7076
0.426643	1	3	0	31.8866
0.426643	3	10	0	27.3078
0.426714	3	9	0	9.29982
0.426786	1	2	0	51.4985
0.426786	3	8	0	25.1427
0.426857	3	7	0	48.8496
0.426929	1	1	0	13.2161
0.427143	1	7	0	7.64516
0.427143	3	22	0	-1.32054
0.427214	1	6	0	25.9373
0.427214	3	21	0	40.8628
0.427286	3	20	0	33.3064
0.427357	1	5	0	14.2323
0.427357	3	19	0	4.29517
0.427429	3	18	0	54.9711
0.4275	1	4	0	49.4147
0.4275	3	12	0	31.7211
0.427571	3	11	0	15.7283
0.427643	1	3	0	31.5492
0.427643	3	10	0	27.5163
0.427714	3	9	0	9.35912
0.427786	1	2	0	51.3451
0.427786	3	8	0	24.9666
0.427857	3	7	0	48.8624
0.427929	1	1	0	13.4608
0.427929	3	6	0	-0.119203
0.428143	1	7	0	7.87445
0.428143	3	22	0	-3.2415
0.428214	1	6	0	25.7551
0.428214	3	21	0	40.7715
0.428286	3	20	0	33.2009
0.428357	1	5	0	14.4227
0.428357	3	19	0	4.06425
0.428429	3	18	0	54.2349
0.4285	1	4	0	49.1103
0.4285	3	12	0	31.4468
0.428571	3	11	0	15.6157
0.428643	1	3	0	31.1414
0.428643	3	10	0	27.243
0.428714	3	9	0	8.86994
0.428786	1	2	0	51.1072
0.428786	3	8	0	25.1778
0.428857	3	7	0	48.7424
0.428929	1	1	0	12.8504
0.428929	3	6	0	-0.378585
0.429143	1	7	0	9.07611
0.429214	1	6	0	25.4436
0.429357	1	5	0	14.2936
0.4295	1	4	0	49.5209
0.429643	1	3	0	30.2077
0.429786	1	2	0	56.6479
0.429929	3	19	0	0.880133
0.429929	1	1	0	14.8129
0.430143	1	7	0	9.19324
0.430214	1	6	0	25.5021
0.430357	1	5	0	14.1145
0.4305	1	4	0	49.4691
0.430643	1	3	0	34.5005
0.430786	1	2	0	56.6768
0.430929	3	10	0	24.6825
0.430929	1	1	0	14.1244
0.431143	1	7	0	9.4883
0.431214	1	6	0	25.8606
0.431357	1	5	0	14.2771
0.4315	1	4	0	49.5042
0.431643	1	3	0	33.2009
0.431786	1	2	0	56.5171
0.431929	3	11	0	14.4848
0.431929	3	19	0	3.64461
0.431929	1	1	0	14.7116
0.432929	1	7	0	8.81514
0.432929	3	11	0	3.50971
0.432929	3	19	0	0.499677
0.433143	1	7	0	8.65217
0.433214	1	6	0	25.4302
0.433357	1	5	0	14.5309
0.4335	1	4	0	49.0038
0.433643	1	3	0	30.7192
0.433786	1	2	0	56.569
0.433929	3	11	0	2.89901
0.433929	3	19	0	2.22988
0.433929	1	1	0	14.8891
0.434143	1	7	0	7.73802
0.434143	3	22	0	-3.30743
0.434214	1	6	0	25.7144
0.434214	3	21	0	39.9875
0.434286	1	5	0	14.2991
0.434286	3	20	0	33.1597
0.434357	3	19	0	4.22211
0.434429	1	4	0	48.665
0.434429	3	18	0	54.6087
0.4345	3	12	0	32.4304
0.434571	1	3	0	32.0222
0.434571	3	11	0	15.8216
0.434643	3	10	0	24.6662
0.434714	1	2	0	47.9261
0.434714	3	9	0	7.93487
0.434786	3	8	0	25.2346
0.434857	1	1	0	13.5914
0.434857	3	7	0	49.3438
0.434929	3	6	0	24.4915
0.435143	1	7	0	7.79194
0.435143	3	22	0	-4.41962
0.435214	1	6	0	26.2394
0.435214	3	21	0	40.1403
0.435286	3	20	0	33.5078
0.435357	1	5	0	14.1842
0.435357	3	19	0	3.43664
0.435429	3	18	0	54.2816
0.4355	1	4	0	48.7987
0.4355	3	12	0	31.384
0.435571	3	11	0	15.882
0.435643	1	3	0	33.3797
0.435643	3	10	0	26.7032
0.435714	3	9	0	7.84865
0.435786	1	2	0	51.6949
0.435786	3	8	0	24.7275
0.435857	3	7	0	49.5075
0.435929	1	1	0	14.1543
0.436143	1	7	0	7.98548
0.436143	3	22	0	-3.63057
0.436214	1	6	0	26.1526
0.436214	3	21	0	40.117
0.436286	1	5	0	14.3393
0.436286	3	20	0	33.4187
0.436357	3	19	0	4.72867
0.436429	1	4	0	48.7231
0.436429	3	18	0	54.7559
0.4365	3	12	0	32.3738
0.436571	1	3	0	32.5523
0.436571	3	11	0	16.2147
0.436643	3	10	0	24.2806
0.436714	1	2	0	47.8093
0.436714	3	9	0	8.0034
0.436786	3	8	0	25.3805
0.436857	1	1	0	13.6699
0.436857	3	7	0	49.4922
0.436929	3	6	0	24.2931
0.437143	1	7	0	7.80223
0.437143	3	22	0	-3.67371
0.437214	1	6	0	25.9614
0.437214	3	21	0	39.9012
0.437286	3	20	0	33.2806
0.437357	1	5	0	13.7681
0.437357	3	19	0	4.38479
0.437429	3	18	0	55.0982
0.4375	1	4	0	48.6314
0.4375	3	12	0	31.4826
0.437571	3	11	0	16.5471
0.437643	1	3	0	31.1821
0.437643	3	10	0	26.5133
0.437714	3	9	0	8.09191
0.437786	1	2	0	51.9049
0.437786	3	8	0	24.3262
0.437857	3	7	0	49.7896
0.437929	1	1	0	13.2866
0.437929	3	6	0	-0.191329
0.438143	1	7	0	7.56894
0.438143	3	22	0	-4.09443
0.438214	1	6	0	25.9096
0.438214	3	21	0	40.0876
0.438286	1	5	0	14.6577
0.438286	3	20	0	33.4226
0.438357	3	19	0	4.80838
0.438429	1	4	0	48.6107
0.438429	3	18	0	54.209
0.4385	3	12	0	32.2545
0.438571	1	3	0	31.7339
0.438571	3	11	0	16.2218
0.438643	3	10	0	24.4528
0.438714	1	2	0	48.9954
0.438714	3	9	0	8.21532
0.438786	3	8	0	25.2004
0.438857	1	1	0	12.8799
0.438857	3	7	0	50.0301
0.438929	3	6	0	23.9873
0.439286	1	7	0	8.55671
0.4395	1	6	0	25.6681
0.439714	1	5	0	14.577
0.439929	3	9	0	8.44731
0.439929	3	10	0	24.8545
0.439929	1	1	0	14.2325
0.440929	1	1	0	13.1853
0.440929	3	9	0	7.98126
0.440929	3	19	0	-2.07953
0.441286	1	7	0	8.17027
0.4415	1	6	0	25.3729
0.441714	1	5	0	14.4221
0.441929	3	9	0	8.18295
0.441929	3	10	0	26.9874
0.441929	3	19	0	2.7604
0.441929	1	1	0	13.7121
0.442929	1	1	0	18.8307
0.442929	1	7	0	9.2309
0.442929	3	9	0	7.77729
0.442929	3	11	0	2.16282
0.442929	3	19	0	1.51021
0.443857	3	9	0	7.66041
0.443857	3	10	0	26.2605
0.443857	3	19	0	2.08413
0.443929	1	1	0	17.9909
0.443929	1	7	0	9.58878
0.444143	3	22	0	20.7236
0.444214	3	21	0	40.1827
0.444286	3	20	0	33.7834
0.444357	3	19	0	6.00073
0.444429	3	18	0	54.8649
0.4445	3	12	0	57.3991
0.444571	3	11	0	15.9348
0.444643	3	10	0	26.6667
0.444714	3	9	0	7.81753
0.444786	3	8	0	25.1035
0.444857	3	7	0	50.3683
0.444929	1	1	0	13.9327
0.444929	3	6	0	22.7136
0.445286	1	7	0	9.1293
0.4455	1	6	0	25.8155
0.445714	1	5	0	14.2763
0.445929	3	19	0	4.50511
0.445929	1	1	0	14.5137
0.446286	1	7	0	9.14418
0.4465	1	6	0	25.8132
0.446714	1	5	0	14.3945
0.446929	3	19	0	1.02753
0.446929	1	1	0	14.6232
0.447286	1	7	0	9.21666
0.4475	1	6	0	26.0454
0.447714	1	5	0	14.1018
0.447929	3	19	0	1.66918
0.447929	1	1	0	14.3788
0.448143	3	22	0	-4.29481
0.448214	3	21	0	40.469
0.448286	1	7	0	9.18608
0.448286	3	20	0	34.5717
0.448357	3	19	0	5.23841
0.448429	3	18	0	54.0195
0.4485	1	6	0	25.246
0.4485	3	12	0	32.4239
0.448571	3	11	0	15.9261
0.448643	3	10	0	26.2275
0.448714	1	5	0	14.0142
0.448714	3	9	0	8.26524
0.448786	3	8	0	25.6912
0.448857	3	7	0	50.0389
0.448929	1	1	0	13.1846
0.448929	3	6	0	-0.762557
0.449429	1	7	0	9.10306
0.4495	1	6	0	25.2996
0.449786	1	5	0	13.9965
0.449857	3	6	0	3.34553
0.449929	1	1	0	14.836
0.450143	3	22	0	-5.05053
0.450214	3	21	0	40.6645
0.450286	3	20	0	34.3799
0.450357	3	19	0	5.36244
0.450429	3	18	0	54.4181
0.4505	1	7	0	8.83025
0.4505	3	12	0	38.9204
0.450571	3	11	0	15.6699
0.450643	3	10	0	26.492
0.450714	3	9	0	8.46888
0.450786	3	8	0	26.0597
0.450857	3	7	0	50.2503
0.450929	1	5	0	13.4849
0.450929	3	6	0	2.278
0.451143	3	22	0	20.9701
0.451214	3	21	0	40.7547
0.451286	3	20	0	34.4896
0.451357	3	19	0	4.89962
0.451429	3	18	0	54.5723
0.4515	3	12	0	57.1024
0.451571	3	11	0	15.6812
0.451643	3	10	0	26.7673
0.451714	3	9	0	8.44414
0.451786	3	8	0	25.7036
0.451857	3	7	0	50.267
0.451929	1	1	0	14.7424
0.451929	3	6	0	22.3009
0.452143	3	22	0	-5.14109
0.452214	3	21	0	40.9363
0.452286	3	20	0	34.0696
0.452357	3	19	0	4.54522
0.452429	3	18	0	54.1896
0.4525	1	7	0	8.50155
0.4525	3	12	0	38.6386
0.452571	3	11	0	15.8225
0.452643	3	10	0	26.9006
0.452714	3	9	0	8.50366
0.452786	3	8	0	25.6616
0.452857	3	7	0	50.3655
0.452929	1	5	0	13.444
0.452929	3	6	0	1.84911
0.453929	1	1	0	18.483
0.453929	1	7	0	10.1041
0.453929	3	6	0	-0.74305
0.453929	3	9	0	8.46081
0.453929	3	19	0	3.32779
0.454143	3	22	0	18.58
0.454214	3	21	0	40.6384
0.454286	3	20	0	33.5696
0.454357	3	19	0	3.81198
0.454429	3	18	0	53.511
0.4545	3	12	0	54.7674
0.454571	3	11	0	16.0563
0.454643	3	10	0	26.5375
0.454714	3	9	0	8.41934
0.454786	3	8	0	25.8117
0.454857	3	7	0	50.0573
0.454929	1	1	0	14.1863
0.454929	1	7	0	8.10856
0.454929	3	6	0	19.398
0.455857	3	6	0	-1.67662
0.455857	3	22	0	-12.7671
0.455929	1	7	0	11.0554
0.4565	1	7	0	9.63268
0.456929	3	19	0	6.47602
0.456929	1	5	0	14.0784
0.457643	1	7	0	8.65877
0.457929	3	6	0	1.88124
0.457929	3	19	0	1.62665
0.457929	3	22	0	-10.2644
0.457929	1	5	0	14.0856
0.458857	1	7	0	9.22952
0.458929	3	6	0	12.5946
0.459714	1	7	0	9.40269
0.459857	3	19	0	3.89847
0.460929	3	6	0	23.3203
0.460929	3	22	0	14.4454
0.461143	3	22	0	20.8365
0.461214	3	21	0	40.59
0.461286	3	20	0	33.7279
0.461357	3	19	0	4.70861
0.461429	3	18	0	55.7592
0.4615	3	12	0	58.6998
0.461571	3	11	0	16.5778
0.461643	3	10	0	27.2726
0.461714	3	9	0	8.816
0.461786	3	8	0	26.2625
0.461857	3	7	0	50.8801
0.462929	3	6	0	23.6743
0.462929	3	22	0	15.1468
0.463143	3	22	0	21.704
0.463214	3	21	0	40.157
0.463286	3	20	0	33.7424
0.463357	3	19	0	5.13915
0.463429	3	18	0	55.9178
0.4635	3	12	0	58.6548
0.463571	3	11	0	16.3566
0.463643	3	10	0	27.9927
0.463714	3	9	0	8.40257
0.463786	3	8	0	25.6469
0.463857	3	7	0	50.9193
0.463929	3	6	0	23.7953
0.464143	3	22	0	13.9901
0.464214	3	21	0	39.9889
0.464286	3	20	0	32.9138
0.464357	3	19	0	5.44526
0.464429	3	18	0	54.4526
0.4645	3	12	0	51.3198
0.464571	3	11	0	16.4201
0.464643	3	10	0	27.6254
0.464714	3	9	0	8.32242
0.464786	3	8	0	25.7264
0.464857	1	7	0	10.8662
0.464857	3	7	0	50.956
0.464929	3	6	0	23.9718
0.465143	3	22	0	22.0657
0.465214	3	21	0	40.124
0.465286	3	20	0	33.6418
0.465357	3	19	0	6.04345
0.465429	3	18	0	56.1626
0.4655	3	12	0	58.6412
0.465571	3	11	0	16.4854
0.465643	3	10	0	27.0487
0.465714	3	9	0	8.27156
0.465786	3	8	0	26.1298
0.465857	3	7	0	51.0328
0.466143	3	22	0	20.7728
0.466214	3	21	0	40.0557
0.466286	3	20	0	33.6568
0.466357	3	19	0	5.83841
0.466429	3	18	0	56.2802
0.4665	3	12	0	58.7263
0.466571	3	11	0	16.3778
0.466643	3	10	0	26.8106
0.466714	3	9	0	8.11473
0.466786	3	8	0	26.0293
0.466857	3	7	0	51.0419
0.466929	3	6	0	24.023
0.467143	3	22	0	22.1191
0.467214	3	21	0	40.1369
0.467286	3	20	0	33.5069
0.467357	3	19	0	6.7188
0.467429	3	18	0	56.1225
0.4675	3	12	0	58.8898
0.467571	3	11	0	16.4171
0.467643	3	10	0	27.1758
0.467714	3	9	0	8.02399
0.467786	3	8	0	26.2556
0.467857	3	7	0	51.0885
0.467929	3	6	0	23.9618
0.468929	3	19	0	3.18446
0.469929	3	19	0	-1.44964
0.470929	3	19	0	4.21894
0.471929	3	6	0	21.9981
0.471929	3	19	0	5.17422
0.471929	3	22	0	11.3126
0.472929	3	6	0	23.6807
0.472929	3	9	0	7.77905
0.473143	3	22	0	21.0291
0.473214	3	21	0	40.0886
0.473286	3	20	0	33.1934
0.473357	3	19	0	7.23412
0.473429	3	18	0	55.9721
0.4735	3	12	0	59.1228
0.473571	3	11	0	15.7443
0.473643	3	10	0	27.5785
0.473714	3	9	0	7.71027
0.473786	3	8	0	26.099
0.473857	3	7	0	50.851
0.474143	3	22	0	21.5425
0.474214	3	21	0	40.0219
0.474286	3	20	0	32.9948
0.474357	3	19	0	6.61835
0.474429	3	18	0	55.937
0.4745	3	12	0	59.2994
0.474571	3	11	0	15.8337
0.474643	3	10	0	27.9766
0.474714	3	9	0	8.03127
0.474786	3	8	0	26.1377
0.474857	3	7	0	50.7588
0.474929	3	6	0	24.0141
0.475143	3	22	0	21.6566
0.475214	3	21	0	39.8463
0.475286	3	20	0	32.8666
0.475357	3	19	0	6.73248
0.475429	3	18	0	56.1174
0.4755	3	12	0	59.3295
0.475571	3	11	0	15.8629
0.475643	3	10	0	28.044
0.475714	3	9	0	8.00498
0.475786	3	8	0	25.6837
0.475857	3	7	0	50.8026
0.476143	3	22	0	21.0672
0.476214	3	21	0	40.0645
0.476286	3	20	0	32.6746
0.476357	3	19	0	6.71706
0.476429	3	18	0	56.0336
0.4765	3	12	0	59.1809
0.476571	3	11	0	15.7291
0.476643	3	10	0	28.0793
0.476714	3	9	0	7.51601
0.476786	3	8	0	25.7506
0.476857	3	7	0	50.6301
0.476929	3	6	0	23.6839
0.477143	3	22	0	22.6295
0.477214	3	21	0	40.1639
0.477286	3	20	0	32.8731
0.477357	3	19	0	6.74423
0.477429	3	18	0	55.999
0.4775	3	12	0	59.2064
0.477571	3	11	0	15.712
0.477643	3	10	0	27.5997
0.477714	3	9	0	7.7044
0.477786	3	8	0	25.8657
0.477857	3	7	0	50.7498
0.477929	3	6	0	23.8266
0.478929	3	11	0	15.2718
0.478929	3	22	0	-4.7402
0.479929	3	11	0	14.4638
0.479929	3	19	0	3.96156
0.480929	3	8	0	26.4933
0.480929	3	11	0	2.75037
0.480929	3	19	0	6.7176
0.481857	3	11	0	15.3396
0.481857	3	19	0	5.53154
0.482929	3	6	0	0.829038
0.482929	3	11	0	14.7923
0.482929	3	19	0	2.29024
0.483143	3	22	0	21.5242
0.483214	3	21	0	40.2801
0.483286	3	20	0	32.8379
0.483357	3	19	0	5.97774
0.483429	3	18	0	55.933
0.4835	3	12	0	59.4672
0.483571	3	11	0	15.227
0.483643	3	10	0	28.0222
0.483714	3	9	0	7.34304
0.483786	3	8	0	26.6897
0.483857	3	7	0	50.642
0.483929	3	6	0	23.6523
0.484143	3	22	0	23.4546
0.484214	3	21	0	40.3073
0.484286	3	20	0	32.7895
0.484357	3	19	0	6.14489
0.484429	3	18	0	55.9085
0.4845	3	12	0	59.3748
0.484571	3	11	0	15.5376
0.484643	3	10	0	27.7315
0.484714	3	9	0	7.08557
0.484786	3	8	0	26.9215
0.484857	3	7	0	50.5914
0.485143	3	22	0	21.7478
0.485214	3	21	0	40.3453
0.485286	3	20	0	32.6249
0.485357	3	19	0	6.11631
0.485429	3	18	0	56.1745
0.4855	3	12	0	59.3174
0.485571	3	11	0	15.7549
0.485643	3	10	0	27.9843
0.485714	3	9	0	7.00429
0.485786	3	8	0	26.7732
0.485857	3	7	0	50.8009
0.486143	3	22	0	23.0094
0.486214	3	21	0	40.2801
0.486286	3	20	0	32.3834
0.486357	3	19	0	6.01474
0.486429	3	18	0	56.2752
0.4865	3	12	0	59.3137
0.486571	3	11	0	15.546
0.486643	3	10	0	27.8826
0.486714	3	9	0	6.82951
0.486786	3	8	0	26.7372
0.486857	3	7	0	50.9681
0.486929	3	6	0	23.4194
0.487143	3	22	0	22.845
0.487214	3	21	0	40.5635
0.487286	3	20	0	32.1346
0.487357	3	19	0	6.67139
0.487429	3	18	0	56.3707
0.4875	3	12	0	59.4329
0.487571	3	11	0	15.47
0.487643	3	10	0	27.4664
0.487714	3	9	0	7.14637
0.487786	3	8	0	26.9252
0.487857	3	7	0	51.1212
0.487929	3	6	0	23.2801
0.488143	3	22	0	22.458
0.488214	3	21	0	40.5681
0.488286	3	20	0	31.8763
0.488357	3	19	0	6.2637
0.488429	3	18	0	56.6192
0.4885	3	12	0	59.4108
0.488571	3	11	0	15.8033
0.488643	3	10	0	27.556
0.488714	3	9	0	6.93396
0.488786	3	8	0	26.9416
0.488857	3	7	0	51.107
0.488929	3	6	0	23.2532
0.489929	3	11	0	13.9225
0.490857	3	11	0	15.0192
0.490857	3	19	0	3.37578
0.491929	3	19	0	3.50305
0.492929	3	11	0	15.2631
0.492929	3	19	0	6.42252
0.493857	3	11	0	4.30638
0.493857	3	19	0	2.91403
0.494143	3	22	0	22.7257
0.494214	3	19	0	7.21815
0.494286	3	11	0	15.8072
0.494357	3	10	0	27.8031
0.494429	3	9	0	7.26252
0.4945	3	8	0	26.5957
0.494571	3	6	0	23.6422
0.494643	3	5	0	15.9725
0.494714	3	4	0	48.1741
0.494786	3	3	0	48.8481
0.494857	3	2	0	30.5152
0.495143	3	22	0	21.54
0.495214	3	19	0	7.64533
0.495286	3	11	0	15.7684
0.495357	3	9	0	7.29874
0.495429	3	8	0	26.3988
0.4955	3	6	0	23.846
0.495571	3	5	0	15.3005
0.495643	3	4	0	48.3169
0.495714	3	3	0	48.8587
0.495786	3	2	0	30.7578
0.495929	3	1	0	4.08023
0.496143	3	22	0	23.0057
0.496214	3	19	0	7.43507
0.496286	3	11	0	15.7681
0.496357	3	9	0	7.13274
0.496429	3	6	0	23.7329
0.4965	3	5	0	15.3787
0.496571	3	4	0	48.3291
0.496643	3	3	0	48.7888
0.496786	3	2	0	30.6462
0.496929	3	1	0	4.31025
0.497143	3	22	0	21.6515
0.497214	3	19	0	7.3522
0.497286	3	11	0	15.7065
0.497357	3	9	0	7.19996
0.497429	3	6	0	23.9483
0.4975	3	5	0	15.9412
0.497571	3	4	0	48.3393
0.497643	3	3	0	48.6774
0.497786	3	2	0	30.4427
0.497929	3	1	0	4.28748
0.498143	3	22	0	23.0965
0.498214	3	19	0	7.67851
0.498286	3	11	0	15.77
0.498357	3	9	0	7.02439
0.498429	3	6	0	23.742
0.4985	3	5	0	15.423
0.498571	3	4	0	48.401
0.498643	3	3	0	48.7243
0.498786	3	2	0	30.5513
0.498929	3	1	0	4.2183
0.499143	3	22	0	22.4794
0.499214	3	19	0	7.32137
0.499286	3	11	0	15.9598
0.499357	3	9	0	7.06685
0.499429	3	6	0	23.6378
0.4995	3	5	0	16.3449
0.499571	3	4	0	48.6711
0.499643	3	3	0	48.7229
0.499786	3	2	0	30.5092
0.499929	3	1	0	4.11858
0.500929	3	11	0	15.1604
0.501857	3	11	0	14.2437
0.501857	3	19	0	2.54911
0.502929	3	11	0	14.5344
0.502929	3	19	0	5.67357
0.503929	3	11	0	15.1069
0.503929	3	19	0	6.46573
0.504929	3	19	0	7.70145
0.505143	3	22	0	23.0364
0.505214	3	19	0	6.57803
0.505286	3	11	0	14.9233
0.505357	3	9	0	6.91176
0.505429	3	6	0	23.9207
0.5055	3	5	0	16.7242
0.505571	3	4	0	48.34
0.505643	3	3	0	48.3997
0.505786	3	2	0	30.258
0.505929	3	1	0	4.02049
0.506143	3	22	0	22.9102
0.506214	3	19	0	6.35255
0.506286	3	11	0	15.056
0.506357	3	9	0	6.80954
0.506429	3	6	0	23.584
0.5065	3	5	0	17.4634
0.506571	3	4	0	48.3801
0.506643	3	3	0	48.3639
0.506714	3	2	0	30.4704
0.506857	3	1	0	3.66923
0.507143	3	22	0	22.2496
0.507214	3	19	0	5.8718
0.507286	3	11	0	15.0859
0.507357	3	9	0	6.8095
0.507429	3	6	0	23.4194
0.5075	3	5	0	16.7145
0.507571	3	4	0	48.5108
0.507643	3	3	0	48.3149
0.507786	3	2	0	30.3937
0.507929	3	1	0	3.71302
0.508143	3	22	0	23.2066
0.508214	3	19	0	5.67619
0.508286	3	11	0	15.296
0.508357	3	9	0	7.00031
0.508429	3	6	0	23.2604
0.5085	3	5	0	16.9293
0.508571	3	4	0	48.766
0.508643	3	3	0	48.4408
0.508786	3	2	0	30.2286
0.508929	3	1	0	4.12497
0.509143	3	22	0	21.4425
0.509214	3	19	0	5.5661
0.509286	3	11	0	15.4271
0.509357	3	9	0	6.8163
0.509429	3	6	0	23.217
0.5095	3	5	0	17.3274
0.509571	3	4	0	48.9422
0.509643	3	3	0	48.2557
0.509786	3	2	0	30.2539
0.509929	3	1	0	3.65778
0.510143	3	22	0	23.1921
0.510214	3	19	0	5.41113
0.510286	3	9	0	6.76247
0.510357	3	6	0	23.3825
0.510429	3	5	0	17.1566
0.5105	3	4	0	49.0674
0.510643	3	3	0	48.3356
0.510786	3	2	0	30.3979
0.510929	3	1	0	3.59333
0.511929	3	11	0	14.9668
0.512929	3	11	0	14.4813
0.512929	3	19	0	0.814876
0.513929	3	11	0	4.09545
0.513929	3	19	0	1.67272
0.514929	3	11	0	15.1071
0.514929	3	19	0	5.66457
0.515857	3	19	0	2.46635
0.516143	3	22	0	21.6285
0.516214	3	19	0	6.22008
0.516286	3	9	0	7.03371
0.516357	3	6	0	23.7953
0.516429	3	5	0	17.4252
0.5165	3	4	0	48.8402
0.516643	3	3	0	48.4938
0.516786	3	2	0	29.9691
0.516929	3	1	0	3.59043
0.517143	3	22	0	22.6806
0.517214	3	19	0	6.53901
0.517286	3	9	0	7.06051
0.517357	3	6	0	23.614
0.517429	3	5	0	17.7444
0.5175	3	4	0	49.0103
0.517643	3	3	0	48.1625
0.517786	3	2	0	29.7574
0.517929	3	1	0	3.62274
0.518143	3	22	0	21.936
0.518214	3	19	0	7.10243
0.518286	3	9	0	6.99799
0.518357	3	6	0	23.5475
0.518429	3	5	0	18.4632
0.5185	3	4	0	48.8326
0.518643	3	3	0	48.2657
0.518786	3	2	0	29.6835
0.518929	3	1	0	3.38325
0.519143	3	22	0	21.891
0.519214	3	19	0	6.99965
0.519286	3	9	0	6.95533
0.519357	3	6	0	23.5987
0.519429	3	5	0	17.1938
0.5195	3	4	0	48.8584
0.519643	3	3	0	48.1796
0.519786	3	2	0	29.4809
0.519929	3	1	0	3.40468
0.520143	3	22	0	22.6166
0.520214	3	19	0	7.45239
0.520286	3	9	0	7.12448
0.520357	3	6	0	23.9027
0.520429	3	5	0	17.3623
0.5205	3	4	0	48.7212
0.520643	3	3	0	47.913
0.520786	3	2	0	29.3944
0.520929	3	1	0	3.42664
0.521143	3	22	0	21.2319
0.521214	3	19	0	7.60605
0.521286	3	9	0	7.13605
0.521357	3	6	0	24.0409
0.521429	3	5	0	18.0708
0.5215	3	4	0	48.7561
0.521643	3	3	0	47.9068
0.521786	3	2	0	29.4332
0.521929	3	1	0	2.98836
0.522143	3	22	0	22.7023
0.522214	3	19	0	7.39006
0.522286	3	9	0	6.79267
0.522357	3	6	0	24.0749
0.522429	3	5	0	17.4678
0.5225	3	4	0	48.617
0.522643	3	3	0	47.7335
0.522786	3	2	0	29.6146
0.522929	3	1	0	3.05306
0.523857	3	19	0	4.08928
0.524929	3	19	0	4.68549
0.525929	3	19	0	0.370446
0.526929	3	19	0	6.40767
0.527143	3	22	0	22.4731
0.527214	3	19	0	7.33782
0.527286	3	9	0	7.25032
0.527357	3	6	0	24.2551
0.527429	3	5	0	17.9595
0.5275	3	4	0	48.8033
0.527643	3	3	0	48.0083
0.527786	3	2	0	29.5578
0.527929	3	1	0	2.61161
0.528143	3	22	0	20.8346
0.528214	3	19	0	7.3706
0.528286	3	9	0	6.94395
0.528357	3	6	0	24.1698
0.528429	3	5	0	17.0677
0.5285	3	4	0	48.9463
0.528643	3	3	0	47.9524
0.528786	3	2	0	29.785
0.528929	3	1	0	2.98202
0.529143	3	22	0	22.2536
0.529214	3	19	0	7.1946
0.529286	3	9	0	7.20784
0.529357	3	6	0	24.4232
0.529429	3	5	0	16.9859
0.5295	3	4	0	48.8777
0.529571	3	3	0	47.999
0.529714	3	2	0	29.8971
0.529857	3	1	0	2.83984
0.530143	3	22	0	20.909
0.530214	3	19	0	6.73479
0.530286	3	9	0	7.30872
0.530357	3	6	0	24.7739
0.530429	3	5	0	17.3333
0.5305	3	4	0	49.0514
0.530643	3	3	0	47.9538
0.530786	3	2	0	30.0132
0.530929	3	1	0	2.75214
0.531143	3	22	0	21.4044
0.531214	3	19	0	7.2086
0.531286	3	9	0	7.34285
0.531357	3	6	0	24.8139
0.531429	3	5	0	16.9837
0.5315	3	4	0	48.8736
0.531643	3	3	0	47.6899
0.531786	3	2	0	30.2735
0.531929	3	1	0	2.77196
0.532143	3	22	0	21.7701
0.532214	3	19	0	6.97701
0.532286	3	9	0	7.48805
0.532357	3	6	0	24.7712
0.532429	3	5	0	17.4347
0.5325	3	4	0	48.5467
0.532643	3	3	0	47.4822
0.532786	3	2	0	30.526
0.532929	3	1	0	2.62068
0.533929	3	22	0	15.1414
0.534929	3	19	0	9.04721
0.535857	3	19	0	6.2382
0.535857	3	22	0	11.5879
0.536929	3	19	0	5.81931
0.537929	3	19	0	8.35075
0.538143	3	22	0	21.2661
0.538214	3	19	0	6.03042
0.538286	3	9	0	7.72346
0.538357	3	6	0	24.6327
0.538429	3	5	0	17.6942
0.538571	3	4	0	48.8709
0.538714	3	3	0	47.8555
0.538786	3	2	0	30.8086
0.538929	3	1	0	2.91772
0.539143	3	22	0	22.0316
0.539214	3	19	0	5.85109
0.539286	3	9	0	7.49098
0.539429	3	5	0	18.4162
0.539571	3	4	0	48.5805
0.539714	3	3	0	47.8034
0.539857	3	1	0	2.73314
0.540143	3	22	0	20.3331
0.540214	3	19	0	6.38567
0.540357	3	9	0	7.44516
0.5405	3	5	0	16.8696
0.540643	3	4	0	48.6081
0.540786	3	3	0	47.8252
0.540929	3	1	0	3.06509
0.541143	3	22	0	22.0005
0.541286	3	19	0	6.46942
0.541429	3	9	0	6.98655
0.541571	3	5	0	17.1524
0.541714	3	4	0	48.6791
0.541857	3	1	0	3.05084
0.542143	3	22	0	20.6997
0.542357	3	19	0	6.46311
0.5425	3	9	0	7.26238
0.542643	3	5	0	17.5136
0.542786	3	4	0	48.7208
0.542929	3	1	0	2.85873
0.543286	3	19	0	7.34228
0.5435	3	9	0	7.335
0.543643	3	5	0	16.9011
0.543786	3	4	0	48.6649
0.543929	3	1	0	2.99947
0.544929	3	22	0	12.3623
0.545857	3	19	0	3.11528
0.545857	3	22	0	11.3316
0.546929	3	19	0	2.86295
0.547929	3	19	0	5.64704
0.548929	3	19	0	4.18762
0.549286	3	19	0	7.42013
0.5495	3	9	0	7.37553
0.549643	3	5	0	16.2028
0.549786	3	4	0	48.651
0.549929	3	1	0	3.50384
0.550286	3	19	0	7.32879
0.5505	3	9	0	7.45365
0.550643	3	5	0	16.9067
0.550786	3	4	0	48.6625
0.550929	3	1	0	3.32021
0.551286	3	19	0	7.6013
0.5515	3	9	0	7.74264
0.551643	3	5	0	17.4157
0.551786	3	4	0	48.6545
0.551929	3	1	0	3.21313
0.552286	3	19	0	7.21427
0.5525	3	9	0	7.6373
0.552714	3	5	0	16.1571
0.552786	3	4	0	48.655
0.552929	3	1	0	3.70623
0.553286	3	19	0	7.39333
0.5535	3	9	0	7.9015
0.553714	3	5	0	17.231
0.553857	3	1	0	3.69337
0.554929	3	5	0	20.3211
0.555286	3	9	0	7.93511
0.555571	3	5	0	16.7531
0.555857	3	1	0	3.51167
0.556929	3	19	0	5.60036
0.557929	3	5	0	19.2342
0.557929	3	19	0	3.7124
0.558929	3	19	0	5.94242
0.559357	3	9	0	7.69412
0.559643	3	5	0	17.422
0.559929	3	1	0	3.59436
0.560357	3	9	0	7.60939
0.560643	3	5	0	17.9371
0.560929	3	1	0	3.16167
0.561429	3	9	0	7.58443
0.561857	3	1	0	3.38174
0.562929	3	1	0	3.74362
0.563929	3	1	0	3.49202
0.564857	3	1	0	3.52799
0.565857	3	5	0	18.1199
0.566929	3	1	0	3.45278
0.567929	3	1	0	3.26202
0.568929	3	1	0	3.662
0.569929	3	1	0	3.7717
0.570857	3	1	0	3.86271
0.571929	3	1	0	3.83001
0.572929	3	1	0	3.68704
0.573857	3	1	0	3.39114
0.574857	3	1	0	3.72668
0.575929	3	1	0	3.30381
0.576643	3	1	0	3.24653
