time(s)	cellId	rnti	lcid	packetSize
0.410003	1	1	3	1530
0.410004	1	2	3	1530
0.410005	3	1	3	1530
0.410006	3	2	3	1530
0.410008	3	3	3	1530
0.410009	3	4	3	1530
0.41001	3	5	3	1530
0.410011	3	6	3	1530
0.410013	3	7	3	1530
0.410014	3	8	3	1530
0.410015	3	9	3	1530
0.410016	3	10	3	1530
0.410018	1	3	3	1530
0.410019	3	11	3	1530
0.41002	1	4	3	1530
0.410021	1	5	3	1530
0.410023	1	6	3	1530
0.410024	3	12	3	1530
0.410025	1	7	3	1530
0.410026	3	18	3	1530
0.410028	3	19	3	1530
0.410029	3	20	3	1530
0.41003	3	21	3	1530
0.410032	3	22	3	1530
0.410103	1	1	3	1530
0.410104	1	2	3	1530
0.410105	3	1	3	1530
0.410106	3	2	3	1530
0.410108	3	3	3	1530
0.410109	3	4	3	1530
0.41011	3	5	3	1530
0.410111	3	6	3	1530
0.410113	3	7	3	1530
0.410114	3	8	3	1530
0.410115	3	9	3	1530
0.410116	3	10	3	1530
0.410118	1	3	3	1530
0.410119	3	11	3	1530
0.41012	1	4	3	1530
0.410121	1	5	3	1530
0.410123	1	6	3	1530
0.410124	3	12	3	1530
0.410125	1	7	3	1530
0.410126	3	18	3	1530
0.410128	3	19	3	1530
0.410129	3	20	3	1530
0.41013	3	21	3	1530
0.410132	3	22	3	1530
0.410203	1	1	3	1530
0.410204	1	2	3	1530
0.410205	3	1	3	1530
0.410206	3	2	3	1530
0.410208	3	3	3	1530
0.410209	3	4	3	1530
0.41021	3	5	3	1530
0.410211	3	6	3	1530
0.410213	3	7	3	1530
0.410214	3	8	3	1530
0.410215	3	9	3	1530
0.410216	3	10	3	1530
0.410218	1	3	3	1530
0.410219	3	11	3	1530
0.41022	1	4	3	1530
0.410221	1	5	3	1530
0.410223	1	6	3	1530
0.410224	3	12	3	1530
0.410225	1	7	3	1530
0.410226	3	18	3	1530
0.410228	3	19	3	1530
0.410229	3	20	3	1530
0.41023	3	21	3	1530
0.410232	3	22	3	1530
0.410303	1	1	3	1530
0.410304	1	2	3	1530
0.410305	3	1	3	1530
0.410306	3	2	3	1530
0.410308	3	3	3	1530
0.410309	3	4	3	1530
0.41031	3	5	3	1530
0.410311	3	6	3	1530
0.410313	3	7	3	1530
0.410314	3	8	3	1530
0.410315	3	9	3	1530
0.410316	3	10	3	1530
0.410318	1	3	3	1530
0.410319	3	11	3	1530
0.41032	1	4	3	1530
0.410321	1	5	3	1530
0.410323	1	6	3	1530
0.410324	3	12	3	1530
0.410325	1	7	3	1530
0.410326	3	18	3	1530
0.410328	3	19	3	1530
0.410329	3	20	3	1530
0.41033	3	21	3	1530
0.410332	3	22	3	1530
0.410403	1	1	3	1530
0.410404	1	2	3	1530
0.410405	3	1	3	1530
0.410406	3	2	3	1530
0.410408	3	3	3	1530
0.410409	3	4	3	1530
0.41041	3	5	3	1530
0.410411	3	6	3	1530
0.410413	3	7	3	1530
0.410414	3	8	3	1530
0.410415	3	9	3	1530
0.410416	3	10	3	1530
0.410418	1	3	3	1530
0.410419	3	11	3	1530
0.41042	1	4	3	1530
0.410421	1	5	3	1530
0.410423	1	6	3	1530
0.410424	3	12	3	1530
0.410425	1	7	3	1530
0.410426	3	18	3	1530
0.410428	3	19	3	1530
0.410429	3	20	3	1530
0.41043	3	21	3	1530
0.410432	3	22	3	1530
0.410503	1	1	3	1530
0.410504	1	2	3	1530
0.410505	3	1	3	1530
0.410506	3	2	3	1530
0.410508	3	3	3	1530
0.410509	3	4	3	1530
0.41051	3	5	3	1530
0.410511	3	6	3	1530
0.410513	3	7	3	1530
0.410514	3	8	3	1530
0.410515	3	9	3	1530
0.410516	3	10	3	1530
0.410518	1	3	3	1530
0.410519	3	11	3	1530
0.41052	1	4	3	1530
0.410521	1	5	3	1530
0.410523	1	6	3	1530
0.410524	3	12	3	1530
0.410525	1	7	3	1530
0.410526	3	18	3	1530
0.410528	3	19	3	1530
0.410529	3	20	3	1530
0.41053	3	21	3	1530
0.410532	3	22	3	1530
0.410603	1	1	3	1530
0.410604	1	2	3	1530
0.410605	3	1	3	1530
0.410606	3	2	3	1530
0.410608	3	3	3	1530
0.410609	3	4	3	1530
0.41061	3	5	3	1530
0.410611	3	6	3	1530
0.410613	3	7	3	1530
0.410614	3	8	3	1530
0.410615	3	9	3	1530
0.410616	3	10	3	1530
0.410618	1	3	3	1530
0.410619	3	11	3	1530
0.41062	1	4	3	1530
0.410621	1	5	3	1530
0.410623	1	6	3	1530
0.410624	3	12	3	1530
0.410625	1	7	3	1530
0.410626	3	18	3	1530
0.410628	3	19	3	1530
0.410629	3	20	3	1530
0.41063	3	21	3	1530
0.410632	3	22	3	1530
0.410703	1	1	3	1530
0.410704	1	2	3	1530
0.410705	3	1	3	1530
0.410706	3	2	3	1530
0.410708	3	3	3	1530
0.410709	3	4	3	1530
0.41071	3	5	3	1530
0.410711	3	6	3	1530
0.410713	3	7	3	1530
0.410714	3	8	3	1530
0.410715	3	9	3	1530
0.410716	3	10	3	1530
0.410718	1	3	3	1530
0.410719	3	11	3	1530
0.41072	1	4	3	1530
0.410721	1	5	3	1530
0.410723	1	6	3	1530
0.410724	3	12	3	1530
0.410725	1	7	3	1530
0.410726	3	18	3	1530
0.410728	3	19	3	1530
0.410729	3	20	3	1530
0.41073	3	21	3	1530
0.410732	3	22	3	1530
0.410803	1	1	3	1530
0.410804	1	2	3	1530
0.410805	3	1	3	1530
0.410806	3	2	3	1530
0.410808	3	3	3	1530
0.410809	3	4	3	1530
0.41081	3	5	3	1530
0.410811	3	6	3	1530
0.410813	3	7	3	1530
0.410814	3	8	3	1530
0.410815	3	9	3	1530
0.410816	3	10	3	1530
0.410818	1	3	3	1530
0.410819	3	11	3	1530
0.41082	1	4	3	1530
0.410821	1	5	3	1530
0.410823	1	6	3	1530
0.410824	3	12	3	1530
0.410825	1	7	3	1530
0.410826	3	18	3	1530
0.410828	3	19	3	1530
0.410829	3	20	3	1530
0.41083	3	21	3	1530
0.410832	3	22	3	1530
0.410903	1	1	3	1530
0.410904	1	2	3	1530
0.410905	3	1	3	1530
0.410906	3	2	3	1530
0.410908	3	3	3	1530
0.410909	3	4	3	1530
0.41091	3	5	3	1530
0.410911	3	6	3	1530
0.410913	3	7	3	1530
0.410914	3	8	3	1530
0.410915	3	9	3	1530
0.410916	3	10	3	1530
0.410918	1	3	3	1530
0.410919	3	11	3	1530
0.41092	1	4	3	1530
0.410921	1	5	3	1530
0.410923	1	6	3	1530
0.410924	3	12	3	1530
0.410925	1	7	3	1530
0.410926	3	18	3	1530
0.410928	3	19	3	1530
0.410929	3	20	3	1530
0.41093	3	21	3	1530
0.410932	3	22	3	1530
0.411003	1	1	3	1530
0.411004	1	2	3	1530
0.411005	3	1	3	1530
0.411006	3	2	3	1530
0.411008	3	3	3	1530
0.411009	3	4	3	1530
0.41101	3	5	3	1530
0.411011	3	6	3	1530
0.411013	3	7	3	1530
0.411014	3	8	3	1530
0.411015	3	9	3	1530
0.411016	3	10	3	1530
0.411018	1	3	3	1530
0.411019	3	11	3	1530
0.41102	1	4	3	1530
0.411021	1	5	3	1530
0.411023	1	6	3	1530
0.411024	3	12	3	1530
0.411025	1	7	3	1530
0.411026	3	18	3	1530
0.411028	3	19	3	1530
0.411029	3	20	3	1530
0.41103	3	21	3	1530
0.411032	3	22	3	1530
0.411103	1	1	3	1530
0.411104	1	2	3	1530
0.411105	3	1	3	1530
0.411106	3	2	3	1530
0.411108	3	3	3	1530
0.411109	3	4	3	1530
0.41111	3	5	3	1530
0.411111	3	6	3	1530
0.411113	3	7	3	1530
0.411114	3	8	3	1530
0.411115	3	9	3	1530
0.411116	3	10	3	1530
0.411118	1	3	3	1530
0.411119	3	11	3	1530
0.41112	1	4	3	1530
0.411121	1	5	3	1530
0.411123	1	6	3	1530
0.411124	3	12	3	1530
0.411125	1	7	3	1530
0.411126	3	18	3	1530
0.411128	3	19	3	1530
0.411129	3	20	3	1530
0.41113	3	21	3	1530
0.411132	3	22	3	1530
0.411203	1	1	3	1530
0.411204	1	2	3	1530
0.411205	3	1	3	1530
0.411206	3	2	3	1530
0.411208	3	3	3	1530
0.411209	3	4	3	1530
0.41121	3	5	3	1530
0.411211	3	6	3	1530
0.411213	3	7	3	1530
0.411214	3	8	3	1530
0.411215	3	9	3	1530
0.411216	3	10	3	1530
0.411218	1	3	3	1530
0.411219	3	11	3	1530
0.41122	1	4	3	1530
0.411221	1	5	3	1530
0.411223	1	6	3	1530
0.411224	3	12	3	1530
0.411225	1	7	3	1530
0.411226	3	18	3	1530
0.411228	3	19	3	1530
0.411229	3	20	3	1530
0.41123	3	21	3	1530
0.411232	3	22	3	1530
0.411303	1	1	3	1530
0.411304	1	2	3	1530
0.411305	3	1	3	1530
0.411306	3	2	3	1530
0.411308	3	3	3	1530
0.411309	3	4	3	1530
0.41131	3	5	3	1530
0.411311	3	6	3	1530
0.411313	3	7	3	1530
0.411314	3	8	3	1530
0.411315	3	9	3	1530
0.411316	3	10	3	1530
0.411318	1	3	3	1530
0.411319	3	11	3	1530
0.41132	1	4	3	1530
0.411321	1	5	3	1530
0.411323	1	6	3	1530
0.411324	3	12	3	1530
0.411325	1	7	3	1530
0.411326	3	18	3	1530
0.411328	3	19	3	1530
0.411329	3	20	3	1530
0.41133	3	21	3	1530
0.411332	3	22	3	1530
0.411403	1	1	3	1530
0.411404	1	2	3	1530
0.411405	3	1	3	1530
0.411406	3	2	3	1530
0.411408	3	3	3	1530
0.411409	3	4	3	1530
0.41141	3	5	3	1530
0.411411	3	6	3	1530
0.411413	3	7	3	1530
0.411414	3	8	3	1530
0.411415	3	9	3	1530
0.411416	3	10	3	1530
0.411418	1	3	3	1530
0.411419	3	11	3	1530
0.41142	1	4	3	1530
0.411421	1	5	3	1530
0.411423	1	6	3	1530
0.411424	3	12	3	1530
0.411425	1	7	3	1530
0.411426	3	18	3	1530
0.411428	3	19	3	1530
0.411429	3	20	3	1530
0.41143	3	21	3	1530
0.411432	3	22	3	1530
0.411503	1	1	3	1530
0.411504	1	2	3	1530
0.411505	3	1	3	1530
0.411506	3	2	3	1530
0.411508	3	3	3	1530
0.411509	3	4	3	1530
0.41151	3	5	3	1530
0.411511	3	6	3	1530
0.411513	3	7	3	1530
0.411514	3	8	3	1530
0.411515	3	9	3	1530
0.411516	3	10	3	1530
0.411518	1	3	3	1530
0.411519	3	11	3	1530
0.41152	1	4	3	1530
0.411521	1	5	3	1530
0.411523	1	6	3	1530
0.411524	3	12	3	1530
0.411525	1	7	3	1530
0.411526	3	18	3	1530
0.411528	3	19	3	1530
0.411529	3	20	3	1530
0.41153	3	21	3	1530
0.411532	3	22	3	1530
0.411603	1	1	3	1530
0.411604	1	2	3	1530
0.411605	3	1	3	1530
0.411606	3	2	3	1530
0.411608	3	3	3	1530
0.411609	3	4	3	1530
0.41161	3	5	3	1530
0.411611	3	6	3	1530
0.411613	3	7	3	1530
0.411614	3	8	3	1530
0.411615	3	9	3	1530
0.411616	3	10	3	1530
0.411618	1	3	3	1530
0.411619	3	11	3	1530
0.41162	1	4	3	1530
0.411621	1	5	3	1530
0.411623	1	6	3	1530
0.411624	3	12	3	1530
0.411625	1	7	3	1530
0.411626	3	18	3	1530
0.411628	3	19	3	1530
0.411629	3	20	3	1530
0.41163	3	21	3	1530
0.411632	3	22	3	1530
0.411703	1	1	3	1530
0.411704	1	2	3	1530
0.411705	3	1	3	1530
0.411706	3	2	3	1530
0.411708	3	3	3	1530
0.411709	3	4	3	1530
0.41171	3	5	3	1530
0.411711	3	6	3	1530
0.411713	3	7	3	1530
0.411714	3	8	3	1530
0.411715	3	9	3	1530
0.411716	3	10	3	1530
0.411718	1	3	3	1530
0.411719	3	11	3	1530
0.41172	1	4	3	1530
0.411721	1	5	3	1530
0.411723	1	6	3	1530
0.411724	3	12	3	1530
0.411725	1	7	3	1530
0.411726	3	18	3	1530
0.411728	3	19	3	1530
0.411729	3	20	3	1530
0.41173	3	21	3	1530
0.411732	3	22	3	1530
0.411803	1	1	3	1530
0.411804	1	2	3	1530
0.411805	3	1	3	1530
0.411806	3	2	3	1530
0.411808	3	3	3	1530
0.411809	3	4	3	1530
0.41181	3	5	3	1530
0.411811	3	6	3	1530
0.411813	3	7	3	1530
0.411814	3	8	3	1530
0.411815	3	9	3	1530
0.411816	3	10	3	1530
0.411818	1	3	3	1530
0.411819	3	11	3	1530
0.41182	1	4	3	1530
0.411821	1	5	3	1530
0.411823	1	6	3	1530
0.411824	3	12	3	1530
0.411825	1	7	3	1530
0.411826	3	18	3	1530
0.411828	3	19	3	1530
0.411829	3	20	3	1530
0.41183	3	21	3	1530
0.411832	3	22	3	1530
0.411903	1	1	3	1530
0.411904	1	2	3	1530
0.411905	3	1	3	1530
0.411906	3	2	3	1530
0.411908	3	3	3	1530
0.411909	3	4	3	1530
0.41191	3	5	3	1530
0.411911	3	6	3	1530
0.411913	3	7	3	1530
0.411914	3	8	3	1530
0.411915	3	9	3	1530
0.411916	3	10	3	1530
0.411918	1	3	3	1530
0.411919	3	11	3	1530
0.41192	1	4	3	1530
0.411921	1	5	3	1530
0.411923	1	6	3	1530
0.411924	3	12	3	1530
0.411925	1	7	3	1530
0.411926	3	18	3	1530
0.411928	3	19	3	1530
0.411929	3	20	3	1530
0.41193	3	21	3	1530
0.411932	3	22	3	1530
0.412003	1	1	3	1530
0.412004	1	2	3	1530
0.412005	3	1	3	1530
0.412006	3	2	3	1530
0.412008	3	3	3	1530
0.412009	3	4	3	1530
0.41201	3	5	3	1530
0.412011	3	6	3	1530
0.412013	3	7	3	1530
0.412014	3	8	3	1530
0.412015	3	9	3	1530
0.412016	3	10	3	1530
0.412018	1	3	3	1530
0.412019	3	11	3	1530
0.41202	1	4	3	1530
0.412021	1	5	3	1530
0.412023	1	6	3	1530
0.412024	3	12	3	1530
0.412025	1	7	3	1530
0.412026	3	18	3	1530
0.412028	3	19	3	1530
0.412029	3	20	3	1530
0.41203	3	21	3	1530
0.412032	3	22	3	1530
0.412103	1	1	3	1530
0.412104	1	2	3	1530
0.412105	3	1	3	1530
0.412106	3	2	3	1530
0.412108	3	3	3	1530
0.412109	3	4	3	1530
0.41211	3	5	3	1530
0.412111	3	6	3	1530
0.412113	3	7	3	1530
0.412114	3	8	3	1530
0.412115	3	9	3	1530
0.412116	3	10	3	1530
0.412118	1	3	3	1530
0.412119	3	11	3	1530
0.41212	1	4	3	1530
0.412121	1	5	3	1530
0.412123	1	6	3	1530
0.412124	3	12	3	1530
0.412125	1	7	3	1530
0.412126	3	18	3	1530
0.412128	3	19	3	1530
0.412129	3	20	3	1530
0.41213	3	21	3	1530
0.412132	3	22	3	1530
0.412203	1	1	3	1530
0.412204	1	2	3	1530
0.412205	3	1	3	1530
0.412206	3	2	3	1530
0.412208	3	3	3	1530
0.412209	3	4	3	1530
0.41221	3	5	3	1530
0.412211	3	6	3	1530
0.412213	3	7	3	1530
0.412214	3	8	3	1530
0.412215	3	9	3	1530
0.412216	3	10	3	1530
0.412218	1	3	3	1530
0.412219	3	11	3	1530
0.41222	1	4	3	1530
0.412221	1	5	3	1530
0.412223	1	6	3	1530
0.412224	3	12	3	1530
0.412225	1	7	3	1530
0.412226	3	18	3	1530
0.412228	3	19	3	1530
0.412229	3	20	3	1530
0.41223	3	21	3	1530
0.412232	3	22	3	1530
0.412303	1	1	3	1530
0.412304	1	2	3	1530
0.412305	3	1	3	1530
0.412306	3	2	3	1530
0.412308	3	3	3	1530
0.412309	3	4	3	1530
0.41231	3	5	3	1530
0.412311	3	6	3	1530
0.412313	3	7	3	1530
0.412314	3	8	3	1530
0.412315	3	9	3	1530
0.412316	3	10	3	1530
0.412318	1	3	3	1530
0.412319	3	11	3	1530
0.41232	1	4	3	1530
0.412321	1	5	3	1530
0.412323	1	6	3	1530
0.412324	3	12	3	1530
0.412325	1	7	3	1530
0.412326	3	18	3	1530
0.412328	3	19	3	1530
0.412329	3	20	3	1530
0.41233	3	21	3	1530
0.412332	3	22	3	1530
0.412403	1	1	3	1530
0.412404	1	2	3	1530
0.412405	3	1	3	1530
0.412406	3	2	3	1530
0.412408	3	3	3	1530
0.412409	3	4	3	1530
0.41241	3	5	3	1530
0.412411	3	6	3	1530
0.412413	3	7	3	1530
0.412414	3	8	3	1530
0.412415	3	9	3	1530
0.412416	3	10	3	1530
0.412418	1	3	3	1530
0.412419	3	11	3	1530
0.41242	1	4	3	1530
0.412421	1	5	3	1530
0.412423	1	6	3	1530
0.412424	3	12	3	1530
0.412425	1	7	3	1530
0.412426	3	18	3	1530
0.412428	3	19	3	1530
0.412429	3	20	3	1530
0.41243	3	21	3	1530
0.412432	3	22	3	1530
0.412503	1	1	3	1530
0.412504	1	2	3	1530
0.412505	3	1	3	1530
0.412506	3	2	3	1530
0.412508	3	3	3	1530
0.412509	3	4	3	1530
0.41251	3	5	3	1530
0.412511	3	6	3	1530
0.412513	3	7	3	1530
0.412514	3	8	3	1530
0.412515	3	9	3	1530
0.412516	3	10	3	1530
0.412518	1	3	3	1530
0.412519	3	11	3	1530
0.41252	1	4	3	1530
0.412521	1	5	3	1530
0.412523	1	6	3	1530
0.412524	3	12	3	1530
0.412525	1	7	3	1530
0.412526	3	18	3	1530
0.412528	3	19	3	1530
0.412529	3	20	3	1530
0.41253	3	21	3	1530
0.412532	3	22	3	1530
0.412603	1	1	3	1530
0.412604	1	2	3	1530
0.412605	3	1	3	1530
0.412606	3	2	3	1530
0.412608	3	3	3	1530
0.412609	3	4	3	1530
0.41261	3	5	3	1530
0.412611	3	6	3	1530
0.412613	3	7	3	1530
0.412614	3	8	3	1530
0.412615	3	9	3	1530
0.412616	3	10	3	1530
0.412618	1	3	3	1530
0.412619	3	11	3	1530
0.41262	1	4	3	1530
0.412621	1	5	3	1530
0.412623	1	6	3	1530
0.412624	3	12	3	1530
0.412625	1	7	3	1530
0.412626	3	18	3	1530
0.412628	3	19	3	1530
0.412629	3	20	3	1530
0.41263	3	21	3	1530
0.412632	3	22	3	1530
0.412703	1	1	3	1530
0.412704	1	2	3	1530
0.412705	3	1	3	1530
0.412706	3	2	3	1530
0.412708	3	3	3	1530
0.412709	3	4	3	1530
0.41271	3	5	3	1530
0.412711	3	6	3	1530
0.412713	3	7	3	1530
0.412714	3	8	3	1530
0.412715	3	9	3	1530
0.412716	3	10	3	1530
0.412718	1	3	3	1530
0.412719	3	11	3	1530
0.41272	1	4	3	1530
0.412721	1	5	3	1530
0.412723	1	6	3	1530
0.412724	3	12	3	1530
0.412725	1	7	3	1530
0.412726	3	18	3	1530
0.412728	3	19	3	1530
0.412729	3	20	3	1530
0.41273	3	21	3	1530
0.412732	3	22	3	1530
0.412803	1	1	3	1530
0.412804	1	2	3	1530
0.412805	3	1	3	1530
0.412806	3	2	3	1530
0.412808	3	3	3	1530
0.412809	3	4	3	1530
0.41281	3	5	3	1530
0.412811	3	6	3	1530
0.412813	3	7	3	1530
0.412814	3	8	3	1530
0.412815	3	9	3	1530
0.412816	3	10	3	1530
0.412818	1	3	3	1530
0.412819	3	11	3	1530
0.41282	1	4	3	1530
0.412821	1	5	3	1530
0.412823	1	6	3	1530
0.412824	3	12	3	1530
0.412825	1	7	3	1530
0.412826	3	18	3	1530
0.412828	3	19	3	1530
0.412829	3	20	3	1530
0.41283	3	21	3	1530
0.412832	3	22	3	1530
0.412903	1	1	3	1530
0.412904	1	2	3	1530
0.412905	3	1	3	1530
0.412906	3	2	3	1530
0.412908	3	3	3	1530
0.412909	3	4	3	1530
0.41291	3	5	3	1530
0.412911	3	6	3	1530
0.412913	3	7	3	1530
0.412914	3	8	3	1530
0.412915	3	9	3	1530
0.412916	3	10	3	1530
0.412918	1	3	3	1530
0.412919	3	11	3	1530
0.41292	1	4	3	1530
0.412921	1	5	3	1530
0.412923	1	6	3	1530
0.412924	3	12	3	1530
0.412925	1	7	3	1530
0.412926	3	18	3	1530
0.412928	3	19	3	1530
0.412929	3	20	3	1530
0.41293	3	21	3	1530
0.412932	3	22	3	1530
0.413003	1	1	3	1530
0.413004	1	2	3	1530
0.413005	3	1	3	1530
0.413006	3	2	3	1530
0.413008	3	3	3	1530
0.413009	3	4	3	1530
0.41301	3	5	3	1530
0.413011	3	6	3	1530
0.413013	3	7	3	1530
0.413014	3	8	3	1530
0.413015	3	9	3	1530
0.413016	3	10	3	1530
0.413018	1	3	3	1530
0.413019	3	11	3	1530
0.41302	1	4	3	1530
0.413021	1	5	3	1530
0.413023	1	6	3	1530
0.413024	3	12	3	1530
0.413025	1	7	3	1530
0.413026	3	18	3	1530
0.413028	3	19	3	1530
0.413029	3	20	3	1530
0.41303	3	21	3	1530
0.413032	3	22	3	1530
0.413103	1	1	3	1530
0.413104	1	2	3	1530
0.413105	3	1	3	1530
0.413106	3	2	3	1530
0.413108	3	3	3	1530
0.413109	3	4	3	1530
0.41311	3	5	3	1530
0.413111	3	6	3	1530
0.413113	3	7	3	1530
0.413114	3	8	3	1530
0.413115	3	9	3	1530
0.413116	3	10	3	1530
0.413118	1	3	3	1530
0.413119	3	11	3	1530
0.41312	1	4	3	1530
0.413121	1	5	3	1530
0.413123	1	6	3	1530
0.413124	3	12	3	1530
0.413125	1	7	3	1530
0.413126	3	18	3	1530
0.413128	3	19	3	1530
0.413129	3	20	3	1530
0.41313	3	21	3	1530
0.413132	3	22	3	1530
0.413203	1	1	3	1530
0.413204	1	2	3	1530
0.413205	3	1	3	1530
0.413206	3	2	3	1530
0.413208	3	3	3	1530
0.413209	3	4	3	1530
0.41321	3	5	3	1530
0.413211	3	6	3	1530
0.413213	3	7	3	1530
0.413214	3	8	3	1530
0.413215	3	9	3	1530
0.413216	3	10	3	1530
0.413218	1	3	3	1530
0.413219	3	11	3	1530
0.41322	1	4	3	1530
0.413221	1	5	3	1530
0.413223	1	6	3	1530
0.413224	3	12	3	1530
0.413225	1	7	3	1530
0.413226	3	18	3	1530
0.413228	3	19	3	1530
0.413229	3	20	3	1530
0.41323	3	21	3	1530
0.413232	3	22	3	1530
0.413303	1	1	3	1530
0.413304	1	2	3	1530
0.413305	3	1	3	1530
0.413306	3	2	3	1530
0.413308	3	3	3	1530
0.413309	3	4	3	1530
0.41331	3	5	3	1530
0.413311	3	6	3	1530
0.413313	3	7	3	1530
0.413314	3	8	3	1530
0.413315	3	9	3	1530
0.413316	3	10	3	1530
0.413318	1	3	3	1530
0.413319	3	11	3	1530
0.41332	1	4	3	1530
0.413321	1	5	3	1530
0.413323	1	6	3	1530
0.413324	3	12	3	1530
0.413325	1	7	3	1530
0.413326	3	18	3	1530
0.413328	3	19	3	1530
0.413329	3	20	3	1530
0.41333	3	21	3	1530
0.413332	3	22	3	1530
0.413403	1	1	3	1530
0.413404	1	2	3	1530
0.413405	3	1	3	1530
0.413406	3	2	3	1530
0.413408	3	3	3	1530
0.413409	3	4	3	1530
0.41341	3	5	3	1530
0.413411	3	6	3	1530
0.413413	3	7	3	1530
0.413414	3	8	3	1530
0.413415	3	9	3	1530
0.413416	3	10	3	1530
0.413418	1	3	3	1530
0.413419	3	11	3	1530
0.41342	1	4	3	1530
0.413421	1	5	3	1530
0.413423	1	6	3	1530
0.413424	3	12	3	1530
0.413425	1	7	3	1530
0.413426	3	18	3	1530
0.413428	3	19	3	1530
0.413429	3	20	3	1530
0.41343	3	21	3	1530
0.413432	3	22	3	1530
0.413503	1	1	3	1530
0.413504	1	2	3	1530
0.413505	3	1	3	1530
0.413506	3	2	3	1530
0.413508	3	3	3	1530
0.413509	3	4	3	1530
0.41351	3	5	3	1530
0.413511	3	6	3	1530
0.413513	3	7	3	1530
0.413514	3	8	3	1530
0.413515	3	9	3	1530
0.413516	3	10	3	1530
0.413518	1	3	3	1530
0.413519	3	11	3	1530
0.41352	1	4	3	1530
0.413521	1	5	3	1530
0.413523	1	6	3	1530
0.413524	3	12	3	1530
0.413525	1	7	3	1530
0.413526	3	18	3	1530
0.413528	3	19	3	1530
0.413529	3	20	3	1530
0.41353	3	21	3	1530
0.413532	3	22	3	1530
0.413603	1	1	3	1530
0.413604	1	2	3	1530
0.413605	3	1	3	1530
0.413606	3	2	3	1530
0.413608	3	3	3	1530
0.413609	3	4	3	1530
0.41361	3	5	3	1530
0.413611	3	6	3	1530
0.413613	3	7	3	1530
0.413614	3	8	3	1530
0.413615	3	9	3	1530
0.413616	3	10	3	1530
0.413618	1	3	3	1530
0.413619	3	11	3	1530
0.41362	1	4	3	1530
0.413621	1	5	3	1530
0.413623	1	6	3	1530
0.413624	3	12	3	1530
0.413625	1	7	3	1530
0.413626	3	18	3	1530
0.413628	3	19	3	1530
0.413629	3	20	3	1530
0.41363	3	21	3	1530
0.413632	3	22	3	1530
0.413703	1	1	3	1530
0.413704	1	2	3	1530
0.413705	3	1	3	1530
0.413706	3	2	3	1530
0.413708	3	3	3	1530
0.413709	3	4	3	1530
0.41371	3	5	3	1530
0.413711	3	6	3	1530
0.413713	3	7	3	1530
0.413714	3	8	3	1530
0.413715	3	9	3	1530
0.413716	3	10	3	1530
0.413718	1	3	3	1530
0.413719	3	11	3	1530
0.41372	1	4	3	1530
0.413721	1	5	3	1530
0.413723	1	6	3	1530
0.413724	3	12	3	1530
0.413725	1	7	3	1530
0.413726	3	18	3	1530
0.413728	3	19	3	1530
0.413729	3	20	3	1530
0.41373	3	21	3	1530
0.413732	3	22	3	1530
0.413803	1	1	3	1530
0.413804	1	2	3	1530
0.413805	3	1	3	1530
0.413806	3	2	3	1530
0.413808	3	3	3	1530
0.413809	3	4	3	1530
0.41381	3	5	3	1530
0.413811	3	6	3	1530
0.413813	3	7	3	1530
0.413814	3	8	3	1530
0.413815	3	9	3	1530
0.413816	3	10	3	1530
0.413818	1	3	3	1530
0.413819	3	11	3	1530
0.41382	1	4	3	1530
0.413821	1	5	3	1530
0.413823	1	6	3	1530
0.413824	3	12	3	1530
0.413825	1	7	3	1530
0.413826	3	18	3	1530
0.413828	3	19	3	1530
0.413829	3	20	3	1530
0.41383	3	21	3	1530
0.413832	3	22	3	1530
0.413903	1	1	3	1530
0.413904	1	2	3	1530
0.413905	3	1	3	1530
0.413906	3	2	3	1530
0.413908	3	3	3	1530
0.413909	3	4	3	1530
0.41391	3	5	3	1530
0.413911	3	6	3	1530
0.413913	3	7	3	1530
0.413914	3	8	3	1530
0.413915	3	9	3	1530
0.413916	3	10	3	1530
0.413918	1	3	3	1530
0.413919	3	11	3	1530
0.41392	1	4	3	1530
0.413921	1	5	3	1530
0.413923	1	6	3	1530
0.413924	3	12	3	1530
0.413925	1	7	3	1530
0.413926	3	18	3	1530
0.413928	3	19	3	1530
0.413929	3	20	3	1530
0.41393	3	21	3	1530
0.413932	3	22	3	1530
0.414003	1	1	3	1530
0.414004	1	2	3	1530
0.414005	3	1	3	1530
0.414006	3	2	3	1530
0.414008	3	3	3	1530
0.414009	3	4	3	1530
0.41401	3	5	3	1530
0.414011	3	6	3	1530
0.414013	3	7	3	1530
0.414014	3	8	3	1530
0.414015	3	9	3	1530
0.414016	3	10	3	1530
0.414018	1	3	3	1530
0.414019	3	11	3	1530
0.41402	1	4	3	1530
0.414021	1	5	3	1530
0.414023	1	6	3	1530
0.414024	3	12	3	1530
0.414025	1	7	3	1530
0.414026	3	18	3	1530
0.414028	3	19	3	1530
0.414029	3	20	3	1530
0.41403	3	21	3	1530
0.414032	3	22	3	1530
0.414103	1	1	3	1530
0.414104	1	2	3	1530
0.414105	3	1	3	1530
0.414106	3	2	3	1530
0.414108	3	3	3	1530
0.414109	3	4	3	1530
0.41411	3	5	3	1530
0.414111	3	6	3	1530
0.414113	3	7	3	1530
0.414114	3	8	3	1530
0.414115	3	9	3	1530
0.414116	3	10	3	1530
0.414118	1	3	3	1530
0.414119	3	11	3	1530
0.41412	1	4	3	1530
0.414121	1	5	3	1530
0.414123	1	6	3	1530
0.414124	3	12	3	1530
0.414125	1	7	3	1530
0.414126	3	18	3	1530
0.414128	3	19	3	1530
0.414129	3	20	3	1530
0.41413	3	21	3	1530
0.414132	3	22	3	1530
0.414203	1	1	3	1530
0.414204	1	2	3	1530
0.414205	3	1	3	1530
0.414206	3	2	3	1530
0.414208	3	3	3	1530
0.414209	3	4	3	1530
0.41421	3	5	3	1530
0.414211	3	6	3	1530
0.414213	3	7	3	1530
0.414214	3	8	3	1530
0.414215	3	9	3	1530
0.414216	3	10	3	1530
0.414218	1	3	3	1530
0.414219	3	11	3	1530
0.41422	1	4	3	1530
0.414221	1	5	3	1530
0.414223	1	6	3	1530
0.414224	3	12	3	1530
0.414225	1	7	3	1530
0.414226	3	18	3	1530
0.414228	3	19	3	1530
0.414229	3	20	3	1530
0.41423	3	21	3	1530
0.414232	3	22	3	1530
0.414303	1	1	3	1530
0.414304	1	2	3	1530
0.414305	3	1	3	1530
0.414306	3	2	3	1530
0.414308	3	3	3	1530
0.414309	3	4	3	1530
0.41431	3	5	3	1530
0.414311	3	6	3	1530
0.414313	3	7	3	1530
0.414314	3	8	3	1530
0.414315	3	9	3	1530
0.414316	3	10	3	1530
0.414318	1	3	3	1530
0.414319	3	11	3	1530
0.41432	1	4	3	1530
0.414321	1	5	3	1530
0.414323	1	6	3	1530
0.414324	3	12	3	1530
0.414325	1	7	3	1530
0.414326	3	18	3	1530
0.414328	3	19	3	1530
0.414329	3	20	3	1530
0.41433	3	21	3	1530
0.414332	3	22	3	1530
0.414403	1	1	3	1530
0.414404	1	2	3	1530
0.414405	3	1	3	1530
0.414406	3	2	3	1530
0.414408	3	3	3	1530
0.414409	3	4	3	1530
0.41441	3	5	3	1530
0.414411	3	6	3	1530
0.414413	3	7	3	1530
0.414414	3	8	3	1530
0.414415	3	9	3	1530
0.414416	3	10	3	1530
0.414418	1	3	3	1530
0.414419	3	11	3	1530
0.41442	1	4	3	1530
0.414421	1	5	3	1530
0.414423	1	6	3	1530
0.414424	3	12	3	1530
0.414425	1	7	3	1530
0.414426	3	18	3	1530
0.414428	3	19	3	1530
0.414429	3	20	3	1530
0.41443	3	21	3	1530
0.414432	3	22	3	1530
0.414503	1	1	3	1530
0.414504	1	2	3	1530
0.414505	3	1	3	1530
0.414506	3	2	3	1530
0.414508	3	3	3	1530
0.414509	3	4	3	1530
0.41451	3	5	3	1530
0.414511	3	6	3	1530
0.414513	3	7	3	1530
0.414514	3	8	3	1530
0.414515	3	9	3	1530
0.414516	3	10	3	1530
0.414518	1	3	3	1530
0.414519	3	11	3	1530
0.41452	1	4	3	1530
0.414521	1	5	3	1530
0.414523	1	6	3	1530
0.414524	3	12	3	1530
0.414525	1	7	3	1530
0.414526	3	18	3	1530
0.414528	3	19	3	1530
0.414529	3	20	3	1530
0.41453	3	21	3	1530
0.414532	3	22	3	1530
0.414603	1	1	3	1530
0.414604	1	2	3	1530
0.414605	3	1	3	1530
0.414606	3	2	3	1530
0.414608	3	3	3	1530
0.414609	3	4	3	1530
0.41461	3	5	3	1530
0.414611	3	6	3	1530
0.414613	3	7	3	1530
0.414614	3	8	3	1530
0.414615	3	9	3	1530
0.414616	3	10	3	1530
0.414618	1	3	3	1530
0.414619	3	11	3	1530
0.41462	1	4	3	1530
0.414621	1	5	3	1530
0.414623	1	6	3	1530
0.414624	3	12	3	1530
0.414625	1	7	3	1530
0.414626	3	18	3	1530
0.414628	3	19	3	1530
0.414629	3	20	3	1530
0.41463	3	21	3	1530
0.414632	3	22	3	1530
0.414703	1	1	3	1530
0.414704	1	2	3	1530
0.414705	3	1	3	1530
0.414706	3	2	3	1530
0.414708	3	3	3	1530
0.414709	3	4	3	1530
0.41471	3	5	3	1530
0.414711	3	6	3	1530
0.414713	3	7	3	1530
0.414714	3	8	3	1530
0.414715	3	9	3	1530
0.414716	3	10	3	1530
0.414718	1	3	3	1530
0.414719	3	11	3	1530
0.41472	1	4	3	1530
0.414721	1	5	3	1530
0.414723	1	6	3	1530
0.414724	3	12	3	1530
0.414725	1	7	3	1530
0.414726	3	18	3	1530
0.414728	3	19	3	1530
0.414729	3	20	3	1530
0.41473	3	21	3	1530
0.414732	3	22	3	1530
0.414803	1	1	3	1530
0.414804	1	2	3	1530
0.414805	3	1	3	1530
0.414806	3	2	3	1530
0.414808	3	3	3	1530
0.414809	3	4	3	1530
0.41481	3	5	3	1530
0.414811	3	6	3	1530
0.414813	3	7	3	1530
0.414814	3	8	3	1530
0.414815	3	9	3	1530
0.414816	3	10	3	1530
0.414818	1	3	3	1530
0.414819	3	11	3	1530
0.41482	1	4	3	1530
0.414821	1	5	3	1530
0.414823	1	6	3	1530
0.414824	3	12	3	1530
0.414825	1	7	3	1530
0.414826	3	18	3	1530
0.414828	3	19	3	1530
0.414829	3	20	3	1530
0.41483	3	21	3	1530
0.414832	3	22	3	1530
0.414903	1	1	3	1530
0.414904	1	2	3	1530
0.414905	3	1	3	1530
0.414906	3	2	3	1530
0.414908	3	3	3	1530
0.414909	3	4	3	1530
0.41491	3	5	3	1530
0.414911	3	6	3	1530
0.414913	3	7	3	1530
0.414914	3	8	3	1530
0.414915	3	9	3	1530
0.414916	3	10	3	1530
0.414918	1	3	3	1530
0.414919	3	11	3	1530
0.41492	1	4	3	1530
0.414921	1	5	3	1530
0.414923	1	6	3	1530
0.414924	3	12	3	1530
0.414925	1	7	3	1530
0.414926	3	18	3	1530
0.414928	3	19	3	1530
0.414929	3	20	3	1530
0.41493	3	21	3	1530
0.414932	3	22	3	1530
0.415003	1	1	3	1530
0.415004	1	2	3	1530
0.415005	3	1	3	1530
0.415006	3	2	3	1530
0.415008	3	3	3	1530
0.415009	3	4	3	1530
0.41501	3	5	3	1530
0.415011	3	6	3	1530
0.415013	3	7	3	1530
0.415014	3	8	3	1530
0.415015	3	9	3	1530
0.415016	3	10	3	1530
0.415018	1	3	3	1530
0.415019	3	11	3	1530
0.41502	1	4	3	1530
0.415021	1	5	3	1530
0.415023	1	6	3	1530
0.415024	3	12	3	1530
0.415025	1	7	3	1530
0.415026	3	18	3	1530
0.415028	3	19	3	1530
0.415029	3	20	3	1530
0.41503	3	21	3	1530
0.415032	3	22	3	1530
0.415103	1	1	3	1530
0.415104	1	2	3	1530
0.415105	3	1	3	1530
0.415106	3	2	3	1530
0.415108	3	3	3	1530
0.415109	3	4	3	1530
0.41511	3	5	3	1530
0.415111	3	6	3	1530
0.415113	3	7	3	1530
0.415114	3	8	3	1530
0.415115	3	9	3	1530
0.415116	3	10	3	1530
0.415118	1	3	3	1530
0.415119	3	11	3	1530
0.41512	1	4	3	1530
0.415121	1	5	3	1530
0.415123	1	6	3	1530
0.415124	3	12	3	1530
0.415125	1	7	3	1530
0.415126	3	18	3	1530
0.415128	3	19	3	1530
0.415129	3	20	3	1530
0.41513	3	21	3	1530
0.415132	3	22	3	1530
0.415203	1	1	3	1530
0.415204	1	2	3	1530
0.415205	3	1	3	1530
0.415206	3	2	3	1530
0.415208	3	3	3	1530
0.415209	3	4	3	1530
0.41521	3	5	3	1530
0.415211	3	6	3	1530
0.415213	3	7	3	1530
0.415214	3	8	3	1530
0.415215	3	9	3	1530
0.415216	3	10	3	1530
0.415218	1	3	3	1530
0.415219	3	11	3	1530
0.41522	1	4	3	1530
0.415221	1	5	3	1530
0.415223	1	6	3	1530
0.415224	3	12	3	1530
0.415225	1	7	3	1530
0.415226	3	18	3	1530
0.415228	3	19	3	1530
0.415229	3	20	3	1530
0.41523	3	21	3	1530
0.415232	3	22	3	1530
0.415303	1	1	3	1530
0.415304	1	2	3	1530
0.415305	3	1	3	1530
0.415306	3	2	3	1530
0.415308	3	3	3	1530
0.415309	3	4	3	1530
0.41531	3	5	3	1530
0.415311	3	6	3	1530
0.415313	3	7	3	1530
0.415314	3	8	3	1530
0.415315	3	9	3	1530
0.415316	3	10	3	1530
0.415318	1	3	3	1530
0.415319	3	11	3	1530
0.41532	1	4	3	1530
0.415321	1	5	3	1530
0.415323	1	6	3	1530
0.415324	3	12	3	1530
0.415325	1	7	3	1530
0.415326	3	18	3	1530
0.415328	3	19	3	1530
0.415329	3	20	3	1530
0.41533	3	21	3	1530
0.415332	3	22	3	1530
0.415403	1	1	3	1530
0.415404	1	2	3	1530
0.415405	3	1	3	1530
0.415406	3	2	3	1530
0.415408	3	3	3	1530
0.415409	3	4	3	1530
0.41541	3	5	3	1530
0.415411	3	6	3	1530
0.415413	3	7	3	1530
0.415414	3	8	3	1530
0.415415	3	9	3	1530
0.415416	3	10	3	1530
0.415418	1	3	3	1530
0.415419	3	11	3	1530
0.41542	1	4	3	1530
0.415421	1	5	3	1530
0.415423	1	6	3	1530
0.415424	3	12	3	1530
0.415425	1	7	3	1530
0.415426	3	18	3	1530
0.415428	3	19	3	1530
0.415429	3	20	3	1530
0.41543	3	21	3	1530
0.415432	3	22	3	1530
0.415503	1	1	3	1530
0.415504	1	2	3	1530
0.415505	3	1	3	1530
0.415506	3	2	3	1530
0.415508	3	3	3	1530
0.415509	3	4	3	1530
0.41551	3	5	3	1530
0.415511	3	6	3	1530
0.415513	3	7	3	1530
0.415514	3	8	3	1530
0.415515	3	9	3	1530
0.415516	3	10	3	1530
0.415518	1	3	3	1530
0.415519	3	11	3	1530
0.41552	1	4	3	1530
0.415521	1	5	3	1530
0.415523	1	6	3	1530
0.415524	3	12	3	1530
0.415525	1	7	3	1530
0.415526	3	18	3	1530
0.415528	3	19	3	1530
0.415529	3	20	3	1530
0.41553	3	21	3	1530
0.415532	3	22	3	1530
0.415603	1	1	3	1530
0.415604	1	2	3	1530
0.415605	3	1	3	1530
0.415606	3	2	3	1530
0.415608	3	3	3	1530
0.415609	3	4	3	1530
0.41561	3	5	3	1530
0.415611	3	6	3	1530
0.415613	3	7	3	1530
0.415614	3	8	3	1530
0.415615	3	9	3	1530
0.415616	3	10	3	1530
0.415618	1	3	3	1530
0.415619	3	11	3	1530
0.41562	1	4	3	1530
0.415621	1	5	3	1530
0.415623	1	6	3	1530
0.415624	3	12	3	1530
0.415625	1	7	3	1530
0.415626	3	18	3	1530
0.415628	3	19	3	1530
0.415629	3	20	3	1530
0.41563	3	21	3	1530
0.415632	3	22	3	1530
0.415703	1	1	3	1530
0.415704	1	2	3	1530
0.415705	3	1	3	1530
0.415706	3	2	3	1530
0.415708	3	3	3	1530
0.415709	3	4	3	1530
0.41571	3	5	3	1530
0.415711	3	6	3	1530
0.415713	3	7	3	1530
0.415714	3	8	3	1530
0.415715	3	9	3	1530
0.415716	3	10	3	1530
0.415718	1	3	3	1530
0.415719	3	11	3	1530
0.41572	1	4	3	1530
0.415721	1	5	3	1530
0.415723	1	6	3	1530
0.415724	3	12	3	1530
0.415725	1	7	3	1530
0.415726	3	18	3	1530
0.415728	3	19	3	1530
0.415729	3	20	3	1530
0.41573	3	21	3	1530
0.415732	3	22	3	1530
0.415803	1	1	3	1530
0.415804	1	2	3	1530
0.415805	3	1	3	1530
0.415806	3	2	3	1530
0.415808	3	3	3	1530
0.415809	3	4	3	1530
0.41581	3	5	3	1530
0.415811	3	6	3	1530
0.415813	3	7	3	1530
0.415814	3	8	3	1530
0.415815	3	9	3	1530
0.415816	3	10	3	1530
0.415818	1	3	3	1530
0.415819	3	11	3	1530
0.41582	1	4	3	1530
0.415821	1	5	3	1530
0.415823	1	6	3	1530
0.415824	3	12	3	1530
0.415825	1	7	3	1530
0.415826	3	18	3	1530
0.415828	3	19	3	1530
0.415829	3	20	3	1530
0.41583	3	21	3	1530
0.415832	3	22	3	1530
0.415903	1	1	3	1530
0.415904	1	2	3	1530
0.415905	3	1	3	1530
0.415906	3	2	3	1530
0.415908	3	3	3	1530
0.415909	3	4	3	1530
0.41591	3	5	3	1530
0.415911	3	6	3	1530
0.415913	3	7	3	1530
0.415914	3	8	3	1530
0.415915	3	9	3	1530
0.415916	3	10	3	1530
0.415918	1	3	3	1530
0.415919	3	11	3	1530
0.41592	1	4	3	1530
0.415921	1	5	3	1530
0.415923	1	6	3	1530
0.415924	3	12	3	1530
0.415925	1	7	3	1530
0.415926	3	18	3	1530
0.415928	3	19	3	1530
0.415929	3	20	3	1530
0.41593	3	21	3	1530
0.415932	3	22	3	1530
0.416003	1	1	3	1530
0.416004	1	2	3	1530
0.416005	3	1	3	1530
0.416006	3	2	3	1530
0.416008	3	3	3	1530
0.416009	3	4	3	1530
0.41601	3	5	3	1530
0.416011	3	6	3	1530
0.416013	3	7	3	1530
0.416014	3	8	3	1530
0.416015	3	9	3	1530
0.416016	3	10	3	1530
0.416018	1	3	3	1530
0.416019	3	11	3	1530
0.41602	1	4	3	1530
0.416021	1	5	3	1530
0.416023	1	6	3	1530
0.416024	3	12	3	1530
0.416025	1	7	3	1530
0.416026	3	18	3	1530
0.416028	3	19	3	1530
0.416029	3	20	3	1530
0.41603	3	21	3	1530
0.416032	3	22	3	1530
0.416103	1	1	3	1530
0.416104	1	2	3	1530
0.416105	3	1	3	1530
0.416106	3	2	3	1530
0.416108	3	3	3	1530
0.416109	3	4	3	1530
0.41611	3	5	3	1530
0.416111	3	6	3	1530
0.416113	3	7	3	1530
0.416114	3	8	3	1530
0.416115	3	9	3	1530
0.416116	3	10	3	1530
0.416118	1	3	3	1530
0.416119	3	11	3	1530
0.41612	1	4	3	1530
0.416121	1	5	3	1530
0.416123	1	6	3	1530
0.416124	3	12	3	1530
0.416125	1	7	3	1530
0.416126	3	18	3	1530
0.416128	3	19	3	1530
0.416129	3	20	3	1530
0.41613	3	21	3	1530
0.416132	3	22	3	1530
0.416203	1	1	3	1530
0.416204	1	2	3	1530
0.416205	3	1	3	1530
0.416206	3	2	3	1530
0.416208	3	3	3	1530
0.416209	3	4	3	1530
0.41621	3	5	3	1530
0.416211	3	6	3	1530
0.416213	3	7	3	1530
0.416214	3	8	3	1530
0.416215	3	9	3	1530
0.416216	3	10	3	1530
0.416218	1	3	3	1530
0.416219	3	11	3	1530
0.41622	1	4	3	1530
0.416221	1	5	3	1530
0.416223	1	6	3	1530
0.416224	3	12	3	1530
0.416225	1	7	3	1530
0.416226	3	18	3	1530
0.416228	3	19	3	1530
0.416229	3	20	3	1530
0.41623	3	21	3	1530
0.416232	3	22	3	1530
0.416303	1	1	3	1530
0.416304	1	2	3	1530
0.416305	3	1	3	1530
0.416306	3	2	3	1530
0.416308	3	3	3	1530
0.416309	3	4	3	1530
0.41631	3	5	3	1530
0.416311	3	6	3	1530
0.416313	3	7	3	1530
0.416314	3	8	3	1530
0.416315	3	9	3	1530
0.416316	3	10	3	1530
0.416318	1	3	3	1530
0.416319	3	11	3	1530
0.41632	1	4	3	1530
0.416321	1	5	3	1530
0.416323	1	6	3	1530
0.416324	3	12	3	1530
0.416325	1	7	3	1530
0.416326	3	18	3	1530
0.416328	3	19	3	1530
0.416329	3	20	3	1530
0.41633	3	21	3	1530
0.416332	3	22	3	1530
0.416403	1	1	3	1530
0.416404	1	2	3	1530
0.416405	3	1	3	1530
0.416406	3	2	3	1530
0.416408	3	3	3	1530
0.416409	3	4	3	1530
0.41641	3	5	3	1530
0.416411	3	6	3	1530
0.416413	3	7	3	1530
0.416414	3	8	3	1530
0.416415	3	9	3	1530
0.416416	3	10	3	1530
0.416418	1	3	3	1530
0.416419	3	11	3	1530
0.41642	1	4	3	1530
0.416421	1	5	3	1530
0.416423	1	6	3	1530
0.416424	3	12	3	1530
0.416425	1	7	3	1530
0.416426	3	18	3	1530
0.416428	3	19	3	1530
0.416429	3	20	3	1530
0.41643	3	21	3	1530
0.416432	3	22	3	1530
0.416503	1	1	3	1530
0.416504	1	2	3	1530
0.416505	3	1	3	1530
0.416506	3	2	3	1530
0.416508	3	3	3	1530
0.416509	3	4	3	1530
0.41651	3	5	3	1530
0.416511	3	6	3	1530
0.416513	3	7	3	1530
0.416514	3	8	3	1530
0.416515	3	9	3	1530
0.416516	3	10	3	1530
0.416518	1	3	3	1530
0.416519	3	11	3	1530
0.41652	1	4	3	1530
0.416521	1	5	3	1530
0.416523	1	6	3	1530
0.416524	3	12	3	1530
0.416525	1	7	3	1530
0.416526	3	18	3	1530
0.416528	3	19	3	1530
0.416529	3	20	3	1530
0.41653	3	21	3	1530
0.416532	3	22	3	1530
0.416603	1	1	3	1530
0.416604	1	2	3	1530
0.416605	3	1	3	1530
0.416606	3	2	3	1530
0.416608	3	3	3	1530
0.416609	3	4	3	1530
0.41661	3	5	3	1530
0.416611	3	6	3	1530
0.416613	3	7	3	1530
0.416614	3	8	3	1530
0.416615	3	9	3	1530
0.416616	3	10	3	1530
0.416618	1	3	3	1530
0.416619	3	11	3	1530
0.41662	1	4	3	1530
0.416621	1	5	3	1530
0.416623	1	6	3	1530
0.416624	3	12	3	1530
0.416625	1	7	3	1530
0.416626	3	18	3	1530
0.416628	3	19	3	1530
0.416629	3	20	3	1530
0.41663	3	21	3	1530
0.416632	3	22	3	1530
0.416703	1	1	3	1530
0.416704	1	2	3	1530
0.416705	3	1	3	1530
0.416706	3	2	3	1530
0.416708	3	3	3	1530
0.416709	3	4	3	1530
0.41671	3	5	3	1530
0.416711	3	6	3	1530
0.416713	3	7	3	1530
0.416714	3	8	3	1530
0.416715	3	9	3	1530
0.416716	3	10	3	1530
0.416718	1	3	3	1530
0.416719	3	11	3	1530
0.41672	1	4	3	1530
0.416721	1	5	3	1530
0.416723	1	6	3	1530
0.416724	3	12	3	1530
0.416725	1	7	3	1530
0.416726	3	18	3	1530
0.416728	3	19	3	1530
0.416729	3	20	3	1530
0.41673	3	21	3	1530
0.416732	3	22	3	1530
0.416803	1	1	3	1530
0.416804	1	2	3	1530
0.416805	3	1	3	1530
0.416806	3	2	3	1530
0.416808	3	3	3	1530
0.416809	3	4	3	1530
0.41681	3	5	3	1530
0.416811	3	6	3	1530
0.416813	3	7	3	1530
0.416814	3	8	3	1530
0.416815	3	9	3	1530
0.416816	3	10	3	1530
0.416818	1	3	3	1530
0.416819	3	11	3	1530
0.41682	1	4	3	1530
0.416821	1	5	3	1530
0.416823	1	6	3	1530
0.416824	3	12	3	1530
0.416825	1	7	3	1530
0.416826	3	18	3	1530
0.416828	3	19	3	1530
0.416829	3	20	3	1530
0.41683	3	21	3	1530
0.416832	3	22	3	1530
0.416903	1	1	3	1530
0.416904	1	2	3	1530
0.416905	3	1	3	1530
0.416906	3	2	3	1530
0.416908	3	3	3	1530
0.416909	3	4	3	1530
0.41691	3	5	3	1530
0.416911	3	6	3	1530
0.416913	3	7	3	1530
0.416914	3	8	3	1530
0.416915	3	9	3	1530
0.416916	3	10	3	1530
0.416918	1	3	3	1530
0.416919	3	11	3	1530
0.41692	1	4	3	1530
0.416921	1	5	3	1530
0.416923	1	6	3	1530
0.416924	3	12	3	1530
0.416925	1	7	3	1530
0.416926	3	18	3	1530
0.416928	3	19	3	1530
0.416929	3	20	3	1530
0.41693	3	21	3	1530
0.416932	3	22	3	1530
0.417003	1	1	3	1530
0.417004	1	2	3	1530
0.417005	3	1	3	1530
0.417006	3	2	3	1530
0.417008	3	3	3	1530
0.417009	3	4	3	1530
0.41701	3	5	3	1530
0.417011	3	6	3	1530
0.417013	3	7	3	1530
0.417014	3	8	3	1530
0.417015	3	9	3	1530
0.417016	3	10	3	1530
0.417018	1	3	3	1530
0.417019	3	11	3	1530
0.41702	1	4	3	1530
0.417021	1	5	3	1530
0.417023	1	6	3	1530
0.417024	3	12	3	1530
0.417025	1	7	3	1530
0.417026	3	18	3	1530
0.417028	3	19	3	1530
0.417029	3	20	3	1530
0.41703	3	21	3	1530
0.417032	3	22	3	1530
0.417103	1	1	3	1530
0.417104	1	2	3	1530
0.417105	3	1	3	1530
0.417106	3	2	3	1530
0.417108	3	3	3	1530
0.417109	3	4	3	1530
0.41711	3	5	3	1530
0.417111	3	6	3	1530
0.417113	3	7	3	1530
0.417114	3	8	3	1530
0.417115	3	9	3	1530
0.417116	3	10	3	1530
0.417118	1	3	3	1530
0.417119	3	11	3	1530
0.41712	1	4	3	1530
0.417121	1	5	3	1530
0.417123	1	6	3	1530
0.417124	3	12	3	1530
0.417125	1	7	3	1530
0.417126	3	18	3	1530
0.417128	3	19	3	1530
0.417129	3	20	3	1530
0.41713	3	21	3	1530
0.417132	3	22	3	1530
0.417203	1	1	3	1530
0.417204	1	2	3	1530
0.417205	3	1	3	1530
0.417206	3	2	3	1530
0.417208	3	3	3	1530
0.417209	3	4	3	1530
0.41721	3	5	3	1530
0.417211	3	6	3	1530
0.417213	3	7	3	1530
0.417214	3	8	3	1530
0.417215	3	9	3	1530
0.417216	3	10	3	1530
0.417218	1	3	3	1530
0.417219	3	11	3	1530
0.41722	1	4	3	1530
0.417221	1	5	3	1530
0.417223	1	6	3	1530
0.417224	3	12	3	1530
0.417225	1	7	3	1530
0.417226	3	18	3	1530
0.417228	3	19	3	1530
0.417229	3	20	3	1530
0.41723	3	21	3	1530
0.417232	3	22	3	1530
0.417303	1	1	3	1530
0.417304	1	2	3	1530
0.417305	3	1	3	1530
0.417306	3	2	3	1530
0.417308	3	3	3	1530
0.417309	3	4	3	1530
0.41731	3	5	3	1530
0.417311	3	6	3	1530
0.417313	3	7	3	1530
0.417314	3	8	3	1530
0.417315	3	9	3	1530
0.417316	3	10	3	1530
0.417318	1	3	3	1530
0.417319	3	11	3	1530
0.41732	1	4	3	1530
0.417321	1	5	3	1530
0.417323	1	6	3	1530
0.417324	3	12	3	1530
0.417325	1	7	3	1530
0.417326	3	18	3	1530
0.417328	3	19	3	1530
0.417329	3	20	3	1530
0.41733	3	21	3	1530
0.417332	3	22	3	1530
0.417403	1	1	3	1530
0.417404	1	2	3	1530
0.417405	3	1	3	1530
0.417406	3	2	3	1530
0.417408	3	3	3	1530
0.417409	3	4	3	1530
0.41741	3	5	3	1530
0.417411	3	6	3	1530
0.417413	3	7	3	1530
0.417414	3	8	3	1530
0.417415	3	9	3	1530
0.417416	3	10	3	1530
0.417418	1	3	3	1530
0.417419	3	11	3	1530
0.41742	1	4	3	1530
0.417421	1	5	3	1530
0.417423	1	6	3	1530
0.417424	3	12	3	1530
0.417425	1	7	3	1530
0.417426	3	18	3	1530
0.417428	3	19	3	1530
0.417429	3	20	3	1530
0.41743	3	21	3	1530
0.417432	3	22	3	1530
0.417503	1	1	3	1530
0.417504	1	2	3	1530
0.417505	3	1	3	1530
0.417506	3	2	3	1530
0.417508	3	3	3	1530
0.417509	3	4	3	1530
0.41751	3	5	3	1530
0.417511	3	6	3	1530
0.417513	3	7	3	1530
0.417514	3	8	3	1530
0.417515	3	9	3	1530
0.417516	3	10	3	1530
0.417518	1	3	3	1530
0.417519	3	11	3	1530
0.41752	1	4	3	1530
0.417521	1	5	3	1530
0.417523	1	6	3	1530
0.417524	3	12	3	1530
0.417525	1	7	3	1530
0.417526	3	18	3	1530
0.417528	3	19	3	1530
0.417529	3	20	3	1530
0.41753	3	21	3	1530
0.417532	3	22	3	1530
0.417603	1	1	3	1530
0.417604	1	2	3	1530
0.417605	3	1	3	1530
0.417606	3	2	3	1530
0.417608	3	3	3	1530
0.417609	3	4	3	1530
0.41761	3	5	3	1530
0.417611	3	6	3	1530
0.417613	3	7	3	1530
0.417614	3	8	3	1530
0.417615	3	9	3	1530
0.417616	3	10	3	1530
0.417618	1	3	3	1530
0.417619	3	11	3	1530
0.41762	1	4	3	1530
0.417621	1	5	3	1530
0.417623	1	6	3	1530
0.417624	3	12	3	1530
0.417625	1	7	3	1530
0.417626	3	18	3	1530
0.417628	3	19	3	1530
0.417629	3	20	3	1530
0.41763	3	21	3	1530
0.417632	3	22	3	1530
0.417703	1	1	3	1530
0.417704	1	2	3	1530
0.417705	3	1	3	1530
0.417706	3	2	3	1530
0.417708	3	3	3	1530
0.417709	3	4	3	1530
0.41771	3	5	3	1530
0.417711	3	6	3	1530
0.417713	3	7	3	1530
0.417714	3	8	3	1530
0.417715	3	9	3	1530
0.417716	3	10	3	1530
0.417718	1	3	3	1530
0.417719	3	11	3	1530
0.41772	1	4	3	1530
0.417721	1	5	3	1530
0.417723	1	6	3	1530
0.417724	3	12	3	1530
0.417725	1	7	3	1530
0.417726	3	18	3	1530
0.417728	3	19	3	1530
0.417729	3	20	3	1530
0.41773	3	21	3	1530
0.417732	3	22	3	1530
0.417803	1	1	3	1530
0.417804	1	2	3	1530
0.417805	3	1	3	1530
0.417806	3	2	3	1530
0.417808	3	3	3	1530
0.417809	3	4	3	1530
0.41781	3	5	3	1530
0.417811	3	6	3	1530
0.417813	3	7	3	1530
0.417814	3	8	3	1530
0.417815	3	9	3	1530
0.417816	3	10	3	1530
0.417818	1	3	3	1530
0.417819	3	11	3	1530
0.41782	1	4	3	1530
0.417821	1	5	3	1530
0.417823	1	6	3	1530
0.417824	3	12	3	1530
0.417825	1	7	3	1530
0.417826	3	18	3	1530
0.417828	3	19	3	1530
0.417829	3	20	3	1530
0.41783	3	21	3	1530
0.417832	3	22	3	1530
0.417903	1	1	3	1530
0.417904	1	2	3	1530
0.417905	3	1	3	1530
0.417906	3	2	3	1530
0.417908	3	3	3	1530
0.417909	3	4	3	1530
0.41791	3	5	3	1530
0.417911	3	6	3	1530
0.417913	3	7	3	1530
0.417914	3	8	3	1530
0.417915	3	9	3	1530
0.417916	3	10	3	1530
0.417918	1	3	3	1530
0.417919	3	11	3	1530
0.41792	1	4	3	1530
0.417921	1	5	3	1530
0.417923	1	6	3	1530
0.417924	3	12	3	1530
0.417925	1	7	3	1530
0.417926	3	18	3	1530
0.417928	3	19	3	1530
0.417929	3	20	3	1530
0.41793	3	21	3	1530
0.417932	3	22	3	1530
0.418003	1	1	3	1530
0.418004	1	2	3	1530
0.418005	3	1	3	1530
0.418006	3	2	3	1530
0.418008	3	3	3	1530
0.418009	3	4	3	1530
0.41801	3	5	3	1530
0.418011	3	6	3	1530
0.418013	3	7	3	1530
0.418014	3	8	3	1530
0.418015	3	9	3	1530
0.418016	3	10	3	1530
0.418018	1	3	3	1530
0.418019	3	11	3	1530
0.41802	1	4	3	1530
0.418021	1	5	3	1530
0.418023	1	6	3	1530
0.418024	3	12	3	1530
0.418025	1	7	3	1530
0.418026	3	18	3	1530
0.418028	3	19	3	1530
0.418029	3	20	3	1530
0.41803	3	21	3	1530
0.418032	3	22	3	1530
0.418103	1	1	3	1530
0.418104	1	2	3	1530
0.418105	3	1	3	1530
0.418106	3	2	3	1530
0.418108	3	3	3	1530
0.418109	3	4	3	1530
0.41811	3	5	3	1530
0.418111	3	6	3	1530
0.418113	3	7	3	1530
0.418114	3	8	3	1530
0.418115	3	9	3	1530
0.418116	3	10	3	1530
0.418118	1	3	3	1530
0.418119	3	11	3	1530
0.41812	1	4	3	1530
0.418121	1	5	3	1530
0.418123	1	6	3	1530
0.418124	3	12	3	1530
0.418125	1	7	3	1530
0.418126	3	18	3	1530
0.418128	3	19	3	1530
0.418129	3	20	3	1530
0.41813	3	21	3	1530
0.418132	3	22	3	1530
0.418203	1	1	3	1530
0.418204	1	2	3	1530
0.418205	3	1	3	1530
0.418206	3	2	3	1530
0.418208	3	3	3	1530
0.418209	3	4	3	1530
0.41821	3	5	3	1530
0.418211	3	6	3	1530
0.418213	3	7	3	1530
0.418214	3	8	3	1530
0.418215	3	9	3	1530
0.418216	3	10	3	1530
0.418218	1	3	3	1530
0.418219	3	11	3	1530
0.41822	1	4	3	1530
0.418221	1	5	3	1530
0.418223	1	6	3	1530
0.418224	3	12	3	1530
0.418225	1	7	3	1530
0.418226	3	18	3	1530
0.418228	3	19	3	1530
0.418229	3	20	3	1530
0.41823	3	21	3	1530
0.418232	3	22	3	1530
0.418303	1	1	3	1530
0.418304	1	2	3	1530
0.418305	3	1	3	1530
0.418306	3	2	3	1530
0.418308	3	3	3	1530
0.418309	3	4	3	1530
0.41831	3	5	3	1530
0.418311	3	6	3	1530
0.418313	3	7	3	1530
0.418314	3	8	3	1530
0.418315	3	9	3	1530
0.418316	3	10	3	1530
0.418318	1	3	3	1530
0.418319	3	11	3	1530
0.41832	1	4	3	1530
0.418321	1	5	3	1530
0.418323	1	6	3	1530
0.418324	3	12	3	1530
0.418325	1	7	3	1530
0.418326	3	18	3	1530
0.418328	3	19	3	1530
0.418329	3	20	3	1530
0.41833	3	21	3	1530
0.418332	3	22	3	1530
0.418403	1	1	3	1530
0.418404	1	2	3	1530
0.418405	3	1	3	1530
0.418406	3	2	3	1530
0.418408	3	3	3	1530
0.418409	3	4	3	1530
0.41841	3	5	3	1530
0.418411	3	6	3	1530
0.418413	3	7	3	1530
0.418414	3	8	3	1530
0.418415	3	9	3	1530
0.418416	3	10	3	1530
0.418418	1	3	3	1530
0.418419	3	11	3	1530
0.41842	1	4	3	1530
0.418421	1	5	3	1530
0.418423	1	6	3	1530
0.418424	3	12	3	1530
0.418425	1	7	3	1530
0.418426	3	18	3	1530
0.418428	3	19	3	1530
0.418429	3	20	3	1530
0.41843	3	21	3	1530
0.418432	3	22	3	1530
0.418503	1	1	3	1530
0.418504	1	2	3	1530
0.418505	3	1	3	1530
0.418506	3	2	3	1530
0.418508	3	3	3	1530
0.418509	3	4	3	1530
0.41851	3	5	3	1530
0.418511	3	6	3	1530
0.418513	3	7	3	1530
0.418514	3	8	3	1530
0.418515	3	9	3	1530
0.418516	3	10	3	1530
0.418518	1	3	3	1530
0.418519	3	11	3	1530
0.41852	1	4	3	1530
0.418521	1	5	3	1530
0.418523	1	6	3	1530
0.418524	3	12	3	1530
0.418525	1	7	3	1530
0.418526	3	18	3	1530
0.418528	3	19	3	1530
0.418529	3	20	3	1530
0.41853	3	21	3	1530
0.418532	3	22	3	1530
0.418603	1	1	3	1530
0.418604	1	2	3	1530
0.418605	3	1	3	1530
0.418606	3	2	3	1530
0.418608	3	3	3	1530
0.418609	3	4	3	1530
0.41861	3	5	3	1530
0.418611	3	6	3	1530
0.418613	3	7	3	1530
0.418614	3	8	3	1530
0.418615	3	9	3	1530
0.418616	3	10	3	1530
0.418618	1	3	3	1530
0.418619	3	11	3	1530
0.41862	1	4	3	1530
0.418621	1	5	3	1530
0.418623	1	6	3	1530
0.418624	3	12	3	1530
0.418625	1	7	3	1530
0.418626	3	18	3	1530
0.418628	3	19	3	1530
0.418629	3	20	3	1530
0.41863	3	21	3	1530
0.418632	3	22	3	1530
0.418703	1	1	3	1530
0.418704	1	2	3	1530
0.418705	3	1	3	1530
0.418706	3	2	3	1530
0.418708	3	3	3	1530
0.418709	3	4	3	1530
0.41871	3	5	3	1530
0.418711	3	6	3	1530
0.418713	3	7	3	1530
0.418714	3	8	3	1530
0.418715	3	9	3	1530
0.418716	3	10	3	1530
0.418718	1	3	3	1530
0.418719	3	11	3	1530
0.41872	1	4	3	1530
0.418721	1	5	3	1530
0.418723	1	6	3	1530
0.418724	3	12	3	1530
0.418725	1	7	3	1530
0.418726	3	18	3	1530
0.418728	3	19	3	1530
0.418729	3	20	3	1530
0.41873	3	21	3	1530
0.418732	3	22	3	1530
0.418803	1	1	3	1530
0.418804	1	2	3	1530
0.418805	3	1	3	1530
0.418806	3	2	3	1530
0.418808	3	3	3	1530
0.418809	3	4	3	1530
0.41881	3	5	3	1530
0.418811	3	6	3	1530
0.418813	3	7	3	1530
0.418814	3	8	3	1530
0.418815	3	9	3	1530
0.418816	3	10	3	1530
0.418818	1	3	3	1530
0.418819	3	11	3	1530
0.41882	1	4	3	1530
0.418821	1	5	3	1530
0.418823	1	6	3	1530
0.418824	3	12	3	1530
0.418825	1	7	3	1530
0.418826	3	18	3	1530
0.418828	3	19	3	1530
0.418829	3	20	3	1530
0.41883	3	21	3	1530
0.418832	3	22	3	1530
0.418903	1	1	3	1530
0.418904	1	2	3	1530
0.418905	3	1	3	1530
0.418906	3	2	3	1530
0.418908	3	3	3	1530
0.418909	3	4	3	1530
0.41891	3	5	3	1530
0.418911	3	6	3	1530
0.418913	3	7	3	1530
0.418914	3	8	3	1530
0.418915	3	9	3	1530
0.418916	3	10	3	1530
0.418918	1	3	3	1530
0.418919	3	11	3	1530
0.41892	1	4	3	1530
0.418921	1	5	3	1530
0.418923	1	6	3	1530
0.418924	3	12	3	1530
0.418925	1	7	3	1530
0.418926	3	18	3	1530
0.418928	3	19	3	1530
0.418929	3	20	3	1530
0.41893	3	21	3	1530
0.418932	3	22	3	1530
0.419003	1	1	3	1530
0.419004	1	2	3	1530
0.419005	3	1	3	1530
0.419006	3	2	3	1530
0.419008	3	3	3	1530
0.419009	3	4	3	1530
0.41901	3	5	3	1530
0.419011	3	6	3	1530
0.419013	3	7	3	1530
0.419014	3	8	3	1530
0.419015	3	9	3	1530
0.419016	3	10	3	1530
0.419018	1	3	3	1530
0.419019	3	11	3	1530
0.41902	1	4	3	1530
0.419021	1	5	3	1530
0.419023	1	6	3	1530
0.419024	3	12	3	1530
0.419025	1	7	3	1530
0.419026	3	18	3	1530
0.419028	3	19	3	1530
0.419029	3	20	3	1530
0.41903	3	21	3	1530
0.419032	3	22	3	1530
0.419103	1	1	3	1530
0.419104	1	2	3	1530
0.419105	3	1	3	1530
0.419106	3	2	3	1530
0.419108	3	3	3	1530
0.419109	3	4	3	1530
0.41911	3	5	3	1530
0.419111	3	6	3	1530
0.419113	3	7	3	1530
0.419114	3	8	3	1530
0.419115	3	9	3	1530
0.419116	3	10	3	1530
0.419118	1	3	3	1530
0.419119	3	11	3	1530
0.41912	1	4	3	1530
0.419121	1	5	3	1530
0.419123	1	6	3	1530
0.419124	3	12	3	1530
0.419125	1	7	3	1530
0.419126	3	18	3	1530
0.419128	3	19	3	1530
0.419129	3	20	3	1530
0.41913	3	21	3	1530
0.419132	3	22	3	1530
0.419203	1	1	3	1530
0.419204	1	2	3	1530
0.419205	3	1	3	1530
0.419206	3	2	3	1530
0.419208	3	3	3	1530
0.419209	3	4	3	1530
0.41921	3	5	3	1530
0.419211	3	6	3	1530
0.419213	3	7	3	1530
0.419214	3	8	3	1530
0.419215	3	9	3	1530
0.419216	3	10	3	1530
0.419218	1	3	3	1530
0.419219	3	11	3	1530
0.41922	1	4	3	1530
0.419221	1	5	3	1530
0.419223	1	6	3	1530
0.419224	3	12	3	1530
0.419225	1	7	3	1530
0.419226	3	18	3	1530
0.419228	3	19	3	1530
0.419229	3	20	3	1530
0.41923	3	21	3	1530
0.419232	3	22	3	1530
0.419303	1	1	3	1530
0.419304	1	2	3	1530
0.419305	3	1	3	1530
0.419306	3	2	3	1530
0.419308	3	3	3	1530
0.419309	3	4	3	1530
0.41931	3	5	3	1530
0.419311	3	6	3	1530
0.419313	3	7	3	1530
0.419314	3	8	3	1530
0.419315	3	9	3	1530
0.419316	3	10	3	1530
0.419318	1	3	3	1530
0.419319	3	11	3	1530
0.41932	1	4	3	1530
0.419321	1	5	3	1530
0.419323	1	6	3	1530
0.419324	3	12	3	1530
0.419325	1	7	3	1530
0.419326	3	18	3	1530
0.419328	3	19	3	1530
0.419329	3	20	3	1530
0.41933	3	21	3	1530
0.419332	3	22	3	1530
0.419403	1	1	3	1530
0.419404	1	2	3	1530
0.419405	3	1	3	1530
0.419406	3	2	3	1530
0.419408	3	3	3	1530
0.419409	3	4	3	1530
0.41941	3	5	3	1530
0.419411	3	6	3	1530
0.419413	3	7	3	1530
0.419414	3	8	3	1530
0.419415	3	9	3	1530
0.419416	3	10	3	1530
0.419418	1	3	3	1530
0.419419	3	11	3	1530
0.41942	1	4	3	1530
0.419421	1	5	3	1530
0.419423	1	6	3	1530
0.419424	3	12	3	1530
0.419425	1	7	3	1530
0.419426	3	18	3	1530
0.419428	3	19	3	1530
0.419429	3	20	3	1530
0.41943	3	21	3	1530
0.419432	3	22	3	1530
0.419503	1	1	3	1530
0.419504	1	2	3	1530
0.419505	3	1	3	1530
0.419506	3	2	3	1530
0.419508	3	3	3	1530
0.419509	3	4	3	1530
0.41951	3	5	3	1530
0.419511	3	6	3	1530
0.419513	3	7	3	1530
0.419514	3	8	3	1530
0.419515	3	9	3	1530
0.419516	3	10	3	1530
0.419518	1	3	3	1530
0.419519	3	11	3	1530
0.41952	1	4	3	1530
0.419521	1	5	3	1530
0.419523	1	6	3	1530
0.419524	3	12	3	1530
0.419525	1	7	3	1530
0.419526	3	18	3	1530
0.419528	3	19	3	1530
0.419529	3	20	3	1530
0.41953	3	21	3	1530
0.419532	3	22	3	1530
0.419603	1	1	3	1530
0.419604	1	2	3	1530
0.419605	3	1	3	1530
0.419606	3	2	3	1530
0.419608	3	3	3	1530
0.419609	3	4	3	1530
0.41961	3	5	3	1530
0.419611	3	6	3	1530
0.419613	3	7	3	1530
0.419614	3	8	3	1530
0.419615	3	9	3	1530
0.419616	3	10	3	1530
0.419618	1	3	3	1530
0.419619	3	11	3	1530
0.41962	1	4	3	1530
0.419621	1	5	3	1530
0.419623	1	6	3	1530
0.419624	3	12	3	1530
0.419625	1	7	3	1530
0.419626	3	18	3	1530
0.419628	3	19	3	1530
0.419629	3	20	3	1530
0.41963	3	21	3	1530
0.419632	3	22	3	1530
0.419703	1	1	3	1530
0.419704	1	2	3	1530
0.419705	3	1	3	1530
0.419706	3	2	3	1530
0.419708	3	3	3	1530
0.419709	3	4	3	1530
0.41971	3	5	3	1530
0.419711	3	6	3	1530
0.419713	3	7	3	1530
0.419714	3	8	3	1530
0.419715	3	9	3	1530
0.419716	3	10	3	1530
0.419718	1	3	3	1530
0.419719	3	11	3	1530
0.41972	1	4	3	1530
0.419721	1	5	3	1530
0.419723	1	6	3	1530
0.419724	3	12	3	1530
0.419725	1	7	3	1530
0.419726	3	18	3	1530
0.419728	3	19	3	1530
0.419729	3	20	3	1530
0.41973	3	21	3	1530
0.419732	3	22	3	1530
0.419803	1	1	3	1530
0.419804	1	2	3	1530
0.419805	3	1	3	1530
0.419806	3	2	3	1530
0.419808	3	3	3	1530
0.419809	3	4	3	1530
0.41981	3	5	3	1530
0.419811	3	6	3	1530
0.419813	3	7	3	1530
0.419814	3	8	3	1530
0.419815	3	9	3	1530
0.419816	3	10	3	1530
0.419818	1	3	3	1530
0.419819	3	11	3	1530
0.41982	1	4	3	1530
0.419821	1	5	3	1530
0.419823	1	6	3	1530
0.419824	3	12	3	1530
0.419825	1	7	3	1530
0.419826	3	18	3	1530
0.419828	3	19	3	1530
0.419829	3	20	3	1530
0.41983	3	21	3	1530
0.419832	3	22	3	1530
0.419903	1	1	3	1530
0.419904	1	2	3	1530
0.419905	3	1	3	1530
0.419906	3	2	3	1530
0.419908	3	3	3	1530
0.419909	3	4	3	1530
0.41991	3	5	3	1530
0.419911	3	6	3	1530
0.419913	3	7	3	1530
0.419914	3	8	3	1530
0.419915	3	9	3	1530
0.419916	3	10	3	1530
0.419918	1	3	3	1530
0.419919	3	11	3	1530
0.41992	1	4	3	1530
0.419921	1	5	3	1530
0.419923	1	6	3	1530
0.419924	3	12	3	1530
0.419925	1	7	3	1530
0.419926	3	18	3	1530
0.419928	3	19	3	1530
0.419929	3	20	3	1530
0.41993	3	21	3	1530
0.419932	3	22	3	1530
