time(s)	cellId	rnti	lcid	packetSize	delay(s)
0.419243	1	7	3	1530	0.00921761
0.419314	1	6	3	1530	0.00929155
0.419314	1	6	3	1530	0.00919155
0.419314	1	6	3	1530	0.00909155
0.419314	3	21	3	1530	0.00928402
0.419314	3	21	3	1530	0.00918402
0.419314	3	21	3	1530	0.00908402
0.419386	3	20	3	1530	0.0093567
0.419386	3	20	3	1530	0.0092567
0.419386	3	20	3	1530	0.0091567
0.419457	1	5	3	1530	0.00943567
0.419457	1	5	3	1530	0.00933566
0.419457	1	5	3	1530	0.00923567
0.419529	3	18	3	1530	0.00950207
0.419529	3	18	3	1530	0.00940207
0.419529	3	18	3	1530	0.00930207
0.4196	1	4	3	1530	0.00957978
0.4196	1	4	3	1530	0.00947978
0.4196	1	4	3	1530	0.00937978
0.4196	1	4	3	1530	0.00927978
0.4196	1	4	3	1530	0.00917978
0.4196	1	4	3	1530	0.00907978
0.4196	3	12	3	1530	0.00957601
0.4196	3	12	3	1530	0.00947601
0.4196	3	12	3	1530	0.00937601
0.419671	3	11	3	1530	0.00965246
0.419671	3	11	3	1530	0.00955246
0.419743	1	3	3	1530	0.00972515
0.419743	1	3	3	1530	0.00962514
0.419743	1	3	3	1530	0.00952515
0.419743	1	3	3	1530	0.00942515
0.419743	1	3	3	1530	0.00932514
0.419743	1	3	3	1530	0.00922515
0.419743	3	10	3	1530	0.0097264
0.419743	3	10	3	1530	0.0096264
0.419743	3	10	3	1530	0.0095264
0.419814	3	9	3	1530	0.00979909
0.419886	1	2	3	1530	0.00988182
0.419886	1	2	3	1530	0.00978182
0.419886	1	2	3	1530	0.00968182
0.419886	1	2	3	1530	0.00958182
0.419886	1	2	3	1530	0.00948182
0.419886	1	2	3	1530	0.00938182
0.419886	3	8	3	1530	0.00987177
0.419886	3	8	3	1530	0.00977177
0.419957	3	7	3	1530	0.00994445
0.419957	3	7	3	1530	0.00984445
0.419957	3	7	3	1530	0.00974445
0.420029	1	1	3	1530	0.0100259
0.420029	1	1	3	1530	0.00992593
0.420029	1	1	3	1530	0.00982593
0.420029	1	1	3	1530	0.00972593
0.420243	1	7	3	1530	0.0101176
0.420314	1	6	3	1530	0.00999155
0.420314	1	6	3	1530	0.00989155
0.420314	3	21	3	1530	0.00998402
0.420314	3	21	3	1530	0.00988402
0.420386	3	20	3	1530	0.0100567
0.420386	3	20	3	1530	0.0099567
0.420457	1	5	3	1530	0.0101357
0.420457	1	5	3	1530	0.0100357
0.420457	3	19	3	1530	0.0104294
0.420529	3	18	3	1530	0.0102021
0.420529	3	18	3	1530	0.0101021
0.4206	1	4	3	1530	0.00997978
0.4206	1	4	3	1530	0.00987978
0.4206	1	4	3	1530	0.00977978
0.4206	1	4	3	1530	0.00967978
0.4206	1	4	3	1530	0.00957978
0.4206	3	12	3	1530	0.010276
0.4206	3	12	3	1530	0.010176
0.420671	3	11	3	1530	0.0104525
0.420671	3	11	3	1530	0.0103525
0.420743	1	3	3	1530	0.0101251
0.420743	1	3	3	1530	0.0100251
0.420743	1	3	3	1530	0.00992514
0.420743	1	3	3	1530	0.00982515
0.420743	1	3	3	1530	0.00972515
0.420743	3	10	3	1530	0.0104264
0.420743	3	10	3	1530	0.0103264
0.420814	3	9	3	1530	0.0106991
0.420886	1	2	3	1530	0.0102818
0.420886	1	2	3	1530	0.0101818
0.420886	1	2	3	1530	0.0100818
0.420886	1	2	3	1530	0.00998182
0.420886	1	2	3	1530	0.00988182
0.420886	3	8	3	1530	0.0106718
0.420886	3	8	3	1530	0.0105718
0.420886	3	8	3	1530	0.0104718
0.420957	3	7	3	1530	0.0106445
0.420957	3	7	3	1530	0.0105445
0.421029	1	1	3	1530	0.0106259
0.421029	1	1	3	1530	0.0105259
0.421029	1	1	3	1530	0.0104259
0.421243	1	7	3	1530	0.0110176
0.421314	1	6	3	1530	0.0107916
0.421314	1	6	3	1530	0.0106916
0.421314	1	6	3	1530	0.0105916
0.421314	3	21	3	1530	0.010784
0.421314	3	21	3	1530	0.010684
0.421314	3	21	3	1530	0.010584
0.421386	3	20	3	1530	0.0108567
0.421386	3	20	3	1530	0.0107567
0.421386	3	20	3	1530	0.0106567
0.421457	1	5	3	1530	0.0109357
0.421457	1	5	3	1530	0.0108357
0.421457	1	5	3	1530	0.0107357
0.421457	3	19	3	1530	0.0113294
0.421529	3	18	3	1530	0.0110021
0.421529	3	18	3	1530	0.0109021
0.421529	3	18	3	1530	0.0108021
0.4216	1	4	3	1530	0.0104798
0.4216	1	4	3	1530	0.0103798
0.4216	1	4	3	1530	0.0102798
0.4216	1	4	3	1530	0.0101798
0.4216	1	4	3	1530	0.0100798
0.4216	3	12	3	1530	0.011076
0.4216	3	12	3	1530	0.010976
0.4216	3	12	3	1530	0.010876
0.421671	3	11	3	1530	0.0112525
0.421743	1	3	3	1530	0.0106251
0.421743	1	3	3	1530	0.0105251
0.421743	1	3	3	1530	0.0104251
0.421743	1	3	3	1530	0.0103251
0.421743	1	3	3	1530	0.0102251
0.421743	3	10	3	1530	0.0112264
0.421743	3	10	3	1530	0.0111264
0.421743	3	10	3	1530	0.0110264
0.421814	3	9	3	1530	0.0115991
0.421886	1	2	3	1530	0.0107818
0.421886	1	2	3	1530	0.0106818
0.421886	1	2	3	1530	0.0105818
0.421886	1	2	3	1530	0.0104818
0.421886	1	2	3	1530	0.0103818
0.421886	3	8	3	1530	0.0113718
0.421886	3	8	3	1530	0.0112718
0.421957	3	7	3	1530	0.0114445
0.421957	3	7	3	1530	0.0113445
0.421957	3	7	3	1530	0.0112445
0.422029	1	1	3	1530	0.0113259
0.422029	1	1	3	1530	0.0112259
0.422029	1	1	3	1530	0.0111259
0.422243	1	7	3	1530	0.0119176
0.422314	1	6	3	1530	0.0114916
0.422314	1	6	3	1530	0.0113916
0.422314	3	21	3	1530	0.011484
0.422314	3	21	3	1530	0.011384
0.422386	3	20	3	1530	0.0115567
0.422386	3	20	3	1530	0.0114567
0.422457	1	5	3	1530	0.0116357
0.422457	1	5	3	1530	0.0115357
0.422457	1	5	3	1530	0.0114357
0.422457	3	19	3	1530	0.0122294
0.422529	3	18	3	1530	0.0117021
0.422529	3	18	3	1530	0.0116021
0.4226	1	4	3	1530	0.0109798
0.4226	1	4	3	1530	0.0108798
0.4226	1	4	3	1530	0.0107798
0.4226	1	4	3	1530	0.0106798
0.4226	1	4	3	1530	0.0105798
0.4226	3	12	3	1530	0.011776
0.4226	3	12	3	1530	0.011676
0.422671	3	11	3	1530	0.0121525
0.422671	3	11	3	1530	0.0120525
0.422743	1	3	3	1530	0.0111251
0.422743	1	3	3	1530	0.0110251
0.422743	1	3	3	1530	0.0109251
0.422743	1	3	3	1530	0.0108251
0.422743	1	3	3	1530	0.0107251
0.422743	3	10	3	1530	0.0119264
0.422743	3	10	3	1530	0.0118264
0.422814	3	9	3	1530	0.0124991
0.422886	1	2	3	1530	0.0112818
0.422886	1	2	3	1530	0.0111818
0.422886	1	2	3	1530	0.0110818
0.422886	1	2	3	1530	0.0109818
0.422886	1	2	3	1530	0.0108818
0.422886	3	8	3	1530	0.0121718
0.422886	3	8	3	1530	0.0120718
0.422886	3	8	3	1530	0.0119718
0.422957	3	7	3	1530	0.0121445
0.422957	3	7	3	1530	0.0120445
0.423029	1	1	3	1530	0.0120259
0.423029	1	1	3	1530	0.0119259
0.423029	1	1	3	1530	0.0118259
0.423314	1	6	3	1530	0.0122916
0.423314	1	6	3	1530	0.0121916
0.423314	1	6	3	1530	0.0120916
0.423314	3	21	3	1530	0.012284
0.423314	3	21	3	1530	0.012184
0.423314	3	21	3	1530	0.012084
0.423386	3	20	3	1530	0.0123567
0.423386	3	20	3	1530	0.0122567
0.423386	3	20	3	1530	0.0121567
0.423457	1	5	3	1530	0.0123357
0.423457	1	5	3	1530	0.0122357
0.423529	3	18	3	1530	0.0125021
0.423529	3	18	3	1530	0.0124021
0.423529	3	18	3	1530	0.0123021
0.4236	1	4	3	1530	0.0114798
0.4236	1	4	3	1530	0.0113798
0.4236	1	4	3	1530	0.0112798
0.4236	1	4	3	1530	0.0111798
0.4236	1	4	3	1530	0.0110798
0.4236	1	4	3	1530	0.0109798
0.4236	3	12	3	1530	0.012576
0.4236	3	12	3	1530	0.012476
0.4236	3	12	3	1530	0.012376
0.423671	3	11	3	1530	0.0129525
0.423671	3	11	3	1530	0.0128525
0.423743	1	3	3	1530	0.0116251
0.423743	1	3	3	1530	0.0115251
0.423743	1	3	3	1530	0.0114251
0.423743	1	3	3	1530	0.0113251
0.423743	1	3	3	1530	0.0112251
0.423743	3	10	3	1530	0.0127264
0.423743	3	10	3	1530	0.0126264
0.423743	3	10	3	1530	0.0125264
0.423814	3	9	3	1530	0.0133991
0.423886	1	2	3	1530	0.0117818
0.423886	1	2	3	1530	0.0116818
0.423886	1	2	3	1530	0.0115818
0.423886	1	2	3	1530	0.0114818
0.423886	1	2	3	1530	0.0113818
0.423886	1	2	3	1530	0.0112818
0.423886	3	8	3	1530	0.0128718
0.423886	3	8	3	1530	0.0127718
0.423957	3	7	3	1530	0.0129445
0.423957	3	7	3	1530	0.0128445
0.423957	3	7	3	1530	0.0127445
0.424029	1	1	3	1530	0.0127259
0.424029	1	1	3	1530	0.0126259
0.424029	1	1	3	1530	0.0125259
0.424243	1	7	3	1530	0.0138176
0.424314	1	6	3	1530	0.0129916
0.424314	1	6	3	1530	0.0128916
0.424314	1	6	3	1530	0.0127916
0.424314	3	21	3	1530	0.012984
0.424314	3	21	3	1530	0.012884
0.424314	3	21	3	1530	0.012784
0.424386	3	20	3	1530	0.0130567
0.424386	3	20	3	1530	0.0129567
0.424386	3	20	3	1530	0.0128567
0.424457	1	5	3	1530	0.0131357
0.424457	1	5	3	1530	0.0130357
0.424457	1	5	3	1530	0.0129357
0.424529	3	18	3	1530	0.0132021
0.424529	3	18	3	1530	0.0131021
0.424529	3	18	3	1530	0.0130021
0.4246	1	4	3	1530	0.0118798
0.4246	1	4	3	1530	0.0117798
0.4246	1	4	3	1530	0.0116798
0.4246	1	4	3	1530	0.0115798
0.4246	1	4	3	1530	0.0114798
0.4246	3	12	3	1530	0.013276
0.4246	3	12	3	1530	0.013176
0.4246	3	12	3	1530	0.013076
0.424671	3	11	3	1530	0.0137525
0.424671	3	11	3	1530	0.0136525
0.424743	1	3	3	1530	0.0121251
0.424743	1	3	3	1530	0.0120251
0.424743	1	3	3	1530	0.0119251
0.424743	1	3	3	1530	0.0118251
0.424743	1	3	3	1530	0.0117251
0.424743	1	3	3	1530	0.0116251
0.424743	3	10	3	1530	0.0134264
0.424743	3	10	3	1530	0.0133264
0.424743	3	10	3	1530	0.0132264
0.424814	3	9	3	1530	0.0142991
0.424814	3	9	3	1530	0.0141991
0.424886	1	2	3	1530	0.0121818
0.424886	1	2	3	1530	0.0120818
0.424886	1	2	3	1530	0.0119818
0.424886	1	2	3	1530	0.0118818
0.424886	1	2	3	1530	0.0117818
0.424886	3	8	3	1530	0.0136718
0.424886	3	8	3	1530	0.0135718
0.424886	3	8	3	1530	0.0134718
0.424957	3	7	3	1530	0.0136445
0.424957	3	7	3	1530	0.0135445
0.424957	3	7	3	1530	0.0134445
0.425029	1	1	3	1530	0.0134259
0.425029	1	1	3	1530	0.0133259
0.425029	1	1	3	1530	0.0132259
0.425029	3	6	3	1530	0.0150171
0.425243	1	7	3	1530	0.0147176
0.425243	3	22	3	1530	0.0152113
0.425314	1	6	3	1530	0.0136916
0.425314	1	6	3	1530	0.0135916
0.425314	3	21	3	1530	0.013684
0.425314	3	21	3	1530	0.013584
0.425386	1	5	3	1530	0.0137642
0.425386	3	20	3	1530	0.0137567
0.425386	3	20	3	1530	0.0136567
0.425529	1	4	3	1530	0.0123083
0.425529	1	4	3	1530	0.0122083
0.425529	1	4	3	1530	0.0121083
0.425529	1	4	3	1530	0.0120083
0.425529	1	4	3	1530	0.0119083
0.425529	3	18	3	1530	0.0139021
0.425529	3	18	3	1530	0.0138021
0.4256	3	12	3	1530	0.013976
0.4256	3	12	3	1530	0.013876
0.425671	1	3	3	1530	0.0124537
0.425671	1	3	3	1530	0.0123537
0.425671	1	3	3	1530	0.0122537
0.425671	1	3	3	1530	0.0121537
0.425671	1	3	3	1530	0.0120537
0.425671	3	11	3	1530	0.0145525
0.425671	3	11	3	1530	0.0144525
0.425814	1	2	3	1530	0.0126104
0.425814	1	2	3	1530	0.0125104
0.425814	1	2	3	1530	0.0124104
0.425814	1	2	3	1530	0.0123104
0.425814	1	2	3	1530	0.0122104
0.425814	3	9	3	1530	0.0150991
0.425886	3	8	3	1530	0.0143718
0.425886	3	8	3	1530	0.0142718
0.425957	1	1	3	1530	0.0140545
0.425957	1	1	3	1530	0.0139545
0.425957	1	1	3	1530	0.0138545
0.425957	3	7	3	1530	0.0143445
0.425957	3	7	3	1530	0.0142445
0.426243	1	7	3	1530	0.0156176
0.426314	1	6	3	1530	0.0144916
0.426314	1	6	3	1530	0.0143916
0.426314	1	6	3	1530	0.0142916
0.426314	3	21	3	1530	0.014484
0.426314	3	21	3	1530	0.014384
0.426314	3	21	3	1530	0.014284
0.426386	3	20	3	1530	0.0145567
0.426386	3	20	3	1530	0.0144567
0.426386	3	20	3	1530	0.0143567
0.426457	1	5	3	1530	0.0147357
0.426457	1	5	3	1530	0.0146357
0.426457	1	5	3	1530	0.0145357
0.426529	3	18	3	1530	0.0147021
0.426529	3	18	3	1530	0.0146021
0.426529	3	18	3	1530	0.0145021
0.4266	1	4	3	1530	0.0128798
0.4266	1	4	3	1530	0.0127798
0.4266	1	4	3	1530	0.0126798
0.4266	1	4	3	1530	0.0125798
0.4266	1	4	3	1530	0.0124798
0.4266	3	12	3	1530	0.014776
0.4266	3	12	3	1530	0.014676
0.4266	3	12	3	1530	0.014576
0.426743	1	3	3	1530	0.0130251
0.426743	1	3	3	1530	0.0129251
0.426743	1	3	3	1530	0.0128251
0.426743	1	3	3	1530	0.0127251
0.426743	1	3	3	1530	0.0126251
0.426814	3	9	3	1530	0.0159991
0.426886	1	2	3	1530	0.0131818
0.426886	1	2	3	1530	0.0130818
0.426886	1	2	3	1530	0.0129818
0.426886	1	2	3	1530	0.0128818
0.426886	1	2	3	1530	0.0127818
0.426886	3	8	3	1530	0.0151718
0.426886	3	8	3	1530	0.0150718
0.426957	3	7	3	1530	0.0151445
0.426957	3	7	3	1530	0.0150445
0.426957	3	7	3	1530	0.0149445
0.427029	1	1	3	1530	0.0148259
0.427029	1	1	3	1530	0.0147259
0.427029	1	1	3	1530	0.0146259
0.427029	1	1	3	1530	0.0145259
0.427314	1	6	3	1530	0.0151916
0.427314	1	6	3	1530	0.0150916
0.427314	1	6	3	1530	0.0149916
0.427314	3	21	3	1530	0.015184
0.427314	3	21	3	1530	0.015084
0.427314	3	21	3	1530	0.014984
0.427386	3	20	3	1530	0.0152567
0.427386	3	20	3	1530	0.0151567
0.427386	3	20	3	1530	0.0150567
0.427457	1	5	3	1530	0.0154357
0.427457	1	5	3	1530	0.0153357
0.427529	3	18	3	1530	0.0154021
0.427529	3	18	3	1530	0.0153021
0.427529	3	18	3	1530	0.0152021
0.4276	1	4	3	1530	0.0133798
0.4276	1	4	3	1530	0.0132798
0.4276	1	4	3	1530	0.0131798
0.4276	1	4	3	1530	0.0130798
0.4276	1	4	3	1530	0.0129798
0.4276	1	4	3	1530	0.0128798
0.4276	3	12	3	1530	0.015476
0.4276	3	12	3	1530	0.015376
0.4276	3	12	3	1530	0.015276
0.427743	1	3	3	1530	0.0135251
0.427743	1	3	3	1530	0.0134251
0.427743	1	3	3	1530	0.0133251
0.427743	1	3	3	1530	0.0132251
0.427743	1	3	3	1530	0.0131251
0.427814	3	9	3	1530	0.0168991
0.427886	1	2	3	1530	0.0136818
0.427886	1	2	3	1530	0.0135818
0.427886	1	2	3	1530	0.0134818
0.427886	1	2	3	1530	0.0133818
0.427886	1	2	3	1530	0.0132818
0.427886	1	2	3	1530	0.0131818
0.427886	3	8	3	1530	0.0159718
0.427886	3	8	3	1530	0.0158718
0.427886	3	8	3	1530	0.0157718
0.427957	3	7	3	1530	0.0158445
0.427957	3	7	3	1530	0.0157445
0.427957	3	7	3	1530	0.0156445
0.428029	1	1	3	1530	0.0154259
0.428029	1	1	3	1530	0.0153259
0.428029	1	1	3	1530	0.0152259
0.428314	1	6	3	1530	0.0158916
0.428314	1	6	3	1530	0.0157916
0.428314	3	21	3	1530	0.015884
0.428314	3	21	3	1530	0.015784
0.428386	3	20	3	1530	0.0159567
0.428386	3	20	3	1530	0.0158567
0.428457	1	5	3	1530	0.0162357
0.428457	1	5	3	1530	0.0161357
0.428457	1	5	3	1530	0.0160357
0.428529	3	18	3	1530	0.0161021
0.428529	3	18	3	1530	0.0160021
0.4286	1	4	3	1530	0.0137798
0.4286	1	4	3	1530	0.0136798
0.4286	1	4	3	1530	0.0135798
0.4286	1	4	3	1530	0.0134798
0.4286	1	4	3	1530	0.0133798
0.4286	3	12	3	1530	0.016176
0.4286	3	12	3	1530	0.016076
0.428743	1	3	3	1530	0.0140251
0.428743	1	3	3	1530	0.0139251
0.428743	1	3	3	1530	0.0138251
0.428743	1	3	3	1530	0.0137251
0.428743	1	3	3	1530	0.0136251
0.428743	1	3	3	1530	0.0135251
0.428814	3	9	3	1530	0.0177991
0.428886	1	2	3	1530	0.0140818
0.428886	1	2	3	1530	0.0139818
0.428886	1	2	3	1530	0.0138818
0.428886	1	2	3	1530	0.0137818
0.428886	1	2	3	1530	0.0136818
0.428886	3	8	3	1530	0.0166718
0.428886	3	8	3	1530	0.0165718
0.428957	3	7	3	1530	0.0165445
0.428957	3	7	3	1530	0.0164445
0.429029	1	1	3	1530	0.0161259
0.429029	1	1	3	1530	0.0160259
0.429029	1	1	3	1530	0.0159259
0.429029	3	6	3	1530	0.0189171
0.429314	1	6	3	1530	0.0166916
0.429314	1	6	3	1530	0.0165916
0.429314	1	6	3	1530	0.0164916
0.429457	1	5	3	1530	0.0169357
0.429457	1	5	3	1530	0.0168357
0.4296	1	4	3	1530	0.0142798
0.4296	1	4	3	1530	0.0141798
0.4296	1	4	3	1530	0.0140798
0.4296	1	4	3	1530	0.0139798
0.4296	1	4	3	1530	0.0138798
0.429743	1	3	3	1530	0.0144251
0.429743	1	3	3	1530	0.0143251
0.429743	1	3	3	1530	0.0142251
0.429743	1	3	3	1530	0.0141251
0.429743	1	3	3	1530	0.0140251
0.429886	1	2	3	1530	0.0145818
0.429886	1	2	3	1530	0.0144818
0.429886	1	2	3	1530	0.0143818
0.429886	1	2	3	1530	0.0142818
0.429886	1	2	3	1530	0.0141818
0.430029	3	19	3	1530	0.0197008
0.430029	3	19	3	1530	0.0196008
0.430029	1	1	3	1530	0.0168259
0.430029	1	1	3	1530	0.0167259
0.430029	1	1	3	1530	0.0166259
0.430314	1	6	3	1530	0.0173916
0.430314	1	6	3	1530	0.0172916
0.430457	1	5	3	1530	0.0177357
0.430457	1	5	3	1530	0.0176357
0.430457	1	5	3	1530	0.0175357
0.4306	1	4	3	1530	0.0147798
0.4306	1	4	3	1530	0.0146798
0.4306	1	4	3	1530	0.0145798
0.4306	1	4	3	1530	0.0144798
0.4306	1	4	3	1530	0.0143798
0.430743	1	3	3	1530	0.0149251
0.430743	1	3	3	1530	0.0148251
0.430743	1	3	3	1530	0.0147251
0.430743	1	3	3	1530	0.0146251
0.430743	1	3	3	1530	0.0145251
0.430886	1	2	3	1530	0.0150818
0.430886	1	2	3	1530	0.0149818
0.430886	1	2	3	1530	0.0148818
0.430886	1	2	3	1530	0.0147818
0.430886	1	2	3	1530	0.0146818
0.431029	3	10	3	1530	0.0194121
0.431029	3	10	3	1530	0.0193121
0.431029	3	10	3	1530	0.0192121
0.431029	3	10	3	1530	0.0191121
0.431029	3	10	3	1530	0.0190121
0.431029	3	10	3	1530	0.0189121
0.431029	3	10	3	1530	0.0188121
0.431029	3	10	3	1530	0.0187121
0.431029	3	10	3	1530	0.0186121
0.431029	3	10	3	1530	0.0185121
0.431029	1	1	3	1530	0.0175259
0.431029	1	1	3	1530	0.0174259
0.431029	1	1	3	1530	0.0173259
0.431314	1	6	3	1530	0.0181916
0.431314	1	6	3	1530	0.0180916
0.431314	1	6	3	1530	0.0179916
0.431457	1	5	3	1530	0.0184357
0.431457	1	5	3	1530	0.0183357
0.4316	1	4	3	1530	0.0152798
0.4316	1	4	3	1530	0.0151798
0.4316	1	4	3	1530	0.0150798
0.4316	1	4	3	1530	0.0149798
0.4316	1	4	3	1530	0.0148798
0.4316	1	4	3	1530	0.0147798
0.431743	1	3	3	1530	0.0154251
0.431743	1	3	3	1530	0.0153251
0.431743	1	3	3	1530	0.0152251
0.431743	1	3	3	1530	0.0151251
0.431743	1	3	3	1530	0.0150251
0.431886	1	2	3	1530	0.0155818
0.431886	1	2	3	1530	0.0154818
0.431886	1	2	3	1530	0.0153818
0.431886	1	2	3	1530	0.0152818
0.431886	1	2	3	1530	0.0151818
0.431886	1	2	3	1530	0.0150818
0.432029	3	11	3	1530	0.0207096
0.432029	3	11	3	1530	0.0206096
0.432029	1	1	3	1530	0.0182259
0.432029	1	1	3	1530	0.0181259
0.432029	1	1	3	1530	0.0180259
0.433029	1	7	3	1530	0.0223033
0.433029	1	7	3	1530	0.0222033
0.433029	1	7	3	1530	0.0221033
0.433029	1	7	3	1530	0.0220033
0.433029	3	11	3	1530	0.0215096
0.433029	3	11	3	1530	0.0214096
0.433029	3	19	3	1530	0.0225008
0.433243	1	7	3	1530	0.0221176
0.433314	1	6	3	1530	0.0198916
0.433314	1	6	3	1530	0.0197916
0.433314	1	6	3	1530	0.0196916
0.433457	1	5	3	1530	0.0202357
0.433457	1	5	3	1530	0.0201357
0.433457	1	5	3	1530	0.0200357
0.4336	1	4	3	1530	0.0166798
0.4336	1	4	3	1530	0.0165798
0.4336	1	4	3	1530	0.0164798
0.4336	1	4	3	1530	0.0163798
0.4336	1	4	3	1530	0.0162798
0.433743	1	3	3	1530	0.0169251
0.433743	1	3	3	1530	0.0168251
0.433743	1	3	3	1530	0.0167251
0.433743	1	3	3	1530	0.0166251
0.433743	1	3	3	1530	0.0165251
0.433743	1	3	3	1530	0.0164251
0.433886	1	2	3	1530	0.0169818
0.433886	1	2	3	1530	0.0168818
0.433886	1	2	3	1530	0.0167818
0.433886	1	2	3	1530	0.0166818
0.433886	1	2	3	1530	0.0165818
0.434029	3	11	3	1530	0.0223096
0.434029	3	11	3	1530	0.0222096
0.434029	3	11	3	1530	0.0221096
0.434029	3	19	3	1530	0.0234008
0.434029	1	1	3	1530	0.0199259
0.434029	1	1	3	1530	0.0198259
0.434029	1	1	3	1530	0.0197259
0.434243	1	7	3	1530	0.0230176
0.434314	1	6	3	1530	0.0205916
0.434314	1	6	3	1530	0.0204916
0.434314	3	21	3	1530	0.021684
0.434314	3	21	3	1530	0.021584
0.434314	3	21	3	1530	0.021484
0.434386	1	5	3	1530	0.0208642
0.434386	3	20	3	1530	0.0217567
0.434386	3	20	3	1530	0.0216567
0.434386	3	20	3	1530	0.0215567
0.434529	1	4	3	1530	0.0171083
0.434529	1	4	3	1530	0.0170083
0.434529	1	4	3	1530	0.0169083
0.434529	1	4	3	1530	0.0168083
0.434529	1	4	3	1530	0.0167083
0.434529	3	18	3	1530	0.0219021
0.434529	3	18	3	1530	0.0218021
0.434529	3	18	3	1530	0.0217021
0.4346	3	12	3	1530	0.021976
0.4346	3	12	3	1530	0.021876
0.4346	3	12	3	1530	0.021776
0.434671	1	3	3	1530	0.0172537
0.434671	1	3	3	1530	0.0171537
0.434671	1	3	3	1530	0.0170537
0.434671	1	3	3	1530	0.0169537
0.434671	1	3	3	1530	0.0168537
0.434671	3	11	3	1530	0.0226525
0.434814	1	2	3	1530	0.0174104
0.434814	1	2	3	1530	0.0173104
0.434814	1	2	3	1530	0.0172104
0.434814	1	2	3	1530	0.0171104
0.434814	1	2	3	1530	0.0170104
0.434886	3	8	3	1530	0.0224718
0.434886	3	8	3	1530	0.0223718
0.434886	3	8	3	1530	0.0222718
0.434957	1	1	3	1530	0.0205545
0.434957	1	1	3	1530	0.0204545
0.434957	1	1	3	1530	0.0203545
0.434957	1	1	3	1530	0.0202545
0.434957	3	7	3	1530	0.0223445
0.434957	3	7	3	1530	0.0222445
0.434957	3	7	3	1530	0.0221445
0.435243	1	7	3	1530	0.0239176
0.435314	1	6	3	1530	0.0213916
0.435314	1	6	3	1530	0.0212916
0.435314	1	6	3	1530	0.0211916
0.435314	3	21	3	1530	0.022384
0.435314	3	21	3	1530	0.022284
0.435386	3	20	3	1530	0.0224567
0.435386	3	20	3	1530	0.0223567
0.435457	1	5	3	1530	0.0218357
0.435457	1	5	3	1530	0.0217357
0.435457	1	5	3	1530	0.0216357
0.435529	3	18	3	1530	0.0226021
0.435529	3	18	3	1530	0.0225021
0.4356	1	4	3	1530	0.0176798
0.4356	1	4	3	1530	0.0175798
0.4356	1	4	3	1530	0.0174798
0.4356	1	4	3	1530	0.0173798
0.4356	1	4	3	1530	0.0172798
0.4356	1	4	3	1530	0.0171798
0.4356	3	12	3	1530	0.022676
0.4356	3	12	3	1530	0.022576
0.435671	3	11	3	1530	0.0235525
0.435671	3	11	3	1530	0.0234525
0.435743	1	3	3	1530	0.0178251
0.435743	1	3	3	1530	0.0177251
0.435743	1	3	3	1530	0.0176251
0.435743	1	3	3	1530	0.0175251
0.435743	1	3	3	1530	0.0174251
0.435886	1	2	3	1530	0.0179818
0.435886	1	2	3	1530	0.0178818
0.435886	1	2	3	1530	0.0177818
0.435886	1	2	3	1530	0.0176818
0.435886	1	2	3	1530	0.0175818
0.435886	1	2	3	1530	0.0174818
0.435886	3	8	3	1530	0.0231718
0.435886	3	8	3	1530	0.0230718
0.435957	3	7	3	1530	0.0230445
0.435957	3	7	3	1530	0.0229445
0.436243	1	7	3	1530	0.0248176
0.436314	1	6	3	1530	0.0220916
0.436314	1	6	3	1530	0.0219916
0.436314	1	6	3	1530	0.0218916
0.436314	3	21	3	1530	0.023184
0.436314	3	21	3	1530	0.023084
0.436314	3	21	3	1530	0.022984
0.436386	1	5	3	1530	0.0224642
0.436386	3	20	3	1530	0.0232567
0.436386	3	20	3	1530	0.0231567
0.436386	3	20	3	1530	0.0230567
0.436529	1	4	3	1530	0.0180083
0.436529	1	4	3	1530	0.0179083
0.436529	1	4	3	1530	0.0178083
0.436529	1	4	3	1530	0.0177083
0.436529	1	4	3	1530	0.0176083
0.436529	3	18	3	1530	0.0234021
0.436529	3	18	3	1530	0.0233021
0.436529	3	18	3	1530	0.0232021
0.4366	3	12	3	1530	0.023476
0.4366	3	12	3	1530	0.023376
0.4366	3	12	3	1530	0.023276
0.436671	1	3	3	1530	0.0182537
0.436671	1	3	3	1530	0.0181537
0.436671	1	3	3	1530	0.0180537
0.436671	1	3	3	1530	0.0179537
0.436671	1	3	3	1530	0.0178537
0.436671	3	11	3	1530	0.0243525
0.436671	3	11	3	1530	0.0242525
0.436814	1	2	3	1530	0.0183104
0.436814	1	2	3	1530	0.0182104
0.436814	1	2	3	1530	0.0181104
0.436814	1	2	3	1530	0.0180104
0.436814	1	2	3	1530	0.0179104
0.436886	3	8	3	1530	0.0239718
0.436886	3	8	3	1530	0.0238718
0.436886	3	8	3	1530	0.0237718
0.436957	3	7	3	1530	0.0238445
0.436957	3	7	3	1530	0.0237445
0.436957	3	7	3	1530	0.0236445
0.437314	1	6	3	1530	0.0227916
0.437314	1	6	3	1530	0.0226916
0.437314	3	21	3	1530	0.023884
0.437314	3	21	3	1530	0.023784
0.437314	3	21	3	1530	0.023684
0.437386	3	20	3	1530	0.0239567
0.437386	3	20	3	1530	0.0238567
0.437386	3	20	3	1530	0.0237567
0.437457	1	5	3	1530	0.0234357
0.437457	1	5	3	1530	0.0233357
0.437457	1	5	3	1530	0.0232357
0.437529	3	18	3	1530	0.0241021
0.437529	3	18	3	1530	0.0240021
0.437529	3	18	3	1530	0.0239021
0.4376	1	4	3	1530	0.0185798
0.4376	1	4	3	1530	0.0184798
0.4376	1	4	3	1530	0.0183798
0.4376	1	4	3	1530	0.0182798
0.4376	1	4	3	1530	0.0181798
0.4376	3	12	3	1530	0.024176
0.4376	3	12	3	1530	0.024076
0.4376	3	12	3	1530	0.023976
0.437743	1	3	3	1530	0.0188251
0.437743	1	3	3	1530	0.0187251
0.437743	1	3	3	1530	0.0186251
0.437743	1	3	3	1530	0.0185251
0.437743	1	3	3	1530	0.0184251
0.437743	1	3	3	1530	0.0183251
0.437886	1	2	3	1530	0.0188818
0.437886	1	2	3	1530	0.0187818
0.437886	1	2	3	1530	0.0186818
0.437886	1	2	3	1530	0.0185818
0.437886	1	2	3	1530	0.0184818
0.437886	3	8	3	1530	0.0246718
0.437886	3	8	3	1530	0.0245718
0.437957	3	7	3	1530	0.0245445
0.437957	3	7	3	1530	0.0244445
0.437957	3	7	3	1530	0.0243445
0.438314	1	6	3	1530	0.0235916
0.438314	1	6	3	1530	0.0234916
0.438314	1	6	3	1530	0.0233916
0.438314	3	21	3	1530	0.024584
0.438314	3	21	3	1530	0.024484
0.438386	1	5	3	1530	0.0240642
0.438386	3	20	3	1530	0.0246567
0.438386	3	20	3	1530	0.0245567
0.438529	1	4	3	1530	0.0190083
0.438529	1	4	3	1530	0.0189083
0.438529	1	4	3	1530	0.0188083
0.438529	1	4	3	1530	0.0187083
0.438529	1	4	3	1530	0.0186083
0.438529	3	18	3	1530	0.0248021
0.438529	3	18	3	1530	0.0247021
0.4386	3	12	3	1530	0.024876
0.4386	3	12	3	1530	0.024776
0.438671	1	3	3	1530	0.0191537
0.438671	1	3	3	1530	0.0190537
0.438671	1	3	3	1530	0.0189537
0.438671	1	3	3	1530	0.0188537
0.438671	1	3	3	1530	0.0187537
0.438814	1	2	3	1530	0.0193104
0.438814	1	2	3	1530	0.0192104
0.438814	1	2	3	1530	0.0191104
0.438814	1	2	3	1530	0.0190104
0.438814	1	2	3	1530	0.0189104
0.438886	3	8	3	1530	0.0254718
0.438886	3	8	3	1530	0.0253718
0.438957	3	7	3	1530	0.0252445
0.438957	3	7	3	1530	0.0251445
0.439029	3	6	3	1530	0.0288171
0.4396	1	6	3	1530	0.0245773
0.4396	1	6	3	1530	0.0244773
0.4396	1	6	3	1530	0.0243773
0.4396	1	6	3	1530	0.0242773
0.4396	1	6	3	1530	0.0241773
0.4396	1	6	3	1530	0.0240773
0.4396	1	6	3	1530	0.0239773
0.4396	1	6	3	1530	0.0238773
0.439814	1	5	3	1530	0.0253928
0.439814	1	5	3	1530	0.0252928
0.439814	1	5	3	1530	0.0251928
0.439814	1	5	3	1530	0.0250928
0.440029	3	9	3	1530	0.0289134
0.440029	3	10	3	1530	0.0274121
0.440029	3	10	3	1530	0.0273121
0.440029	3	10	3	1530	0.0272121
0.440029	3	10	3	1530	0.0271121
0.440029	3	10	3	1530	0.0270121
0.441029	1	1	3	1530	0.0262259
0.441029	1	1	3	1530	0.0261259
0.441029	1	1	3	1530	0.0260259
0.441029	1	1	3	1530	0.0259259
0.441029	1	1	3	1530	0.0258259
0.441029	1	1	3	1530	0.0257259
0.441029	3	9	3	1530	0.0298134
0.4416	1	6	3	1530	0.0257773
0.4416	1	6	3	1530	0.0256773
0.4416	1	6	3	1530	0.0255773
0.4416	1	6	3	1530	0.0254773
0.4416	1	6	3	1530	0.0253773
0.4416	1	6	3	1530	0.0252773
0.4416	1	6	3	1530	0.0251773
0.4416	1	6	3	1530	0.0250773
0.441814	1	5	3	1530	0.0269928
0.441814	1	5	3	1530	0.0268928
0.441814	1	5	3	1530	0.0267928
0.441814	1	5	3	1530	0.0266928
0.442029	3	9	3	1530	0.0307134
0.442029	3	9	3	1530	0.0306134
0.442029	3	10	3	1530	0.0289121
0.442029	3	10	3	1530	0.0288121
0.442029	3	10	3	1530	0.0287121
0.442029	3	10	3	1530	0.0286121
0.442029	3	10	3	1530	0.0285121
0.442029	3	10	3	1530	0.0284121
0.443029	1	1	3	1530	0.0276259
0.443029	1	1	3	1530	0.0275259
0.443029	1	1	3	1530	0.0274259
0.443029	1	1	3	1530	0.0273259
0.443029	1	7	3	1530	0.0315033
0.443029	3	9	3	1530	0.0315134
0.443029	3	11	3	1530	0.0305096
0.443029	3	11	3	1530	0.0304096
0.443029	3	11	3	1530	0.0303096
0.443029	3	11	3	1530	0.0302096
0.443957	3	9	3	1530	0.0323419
0.443957	3	10	3	1530	0.0302407
0.443957	3	10	3	1530	0.0301407
0.444029	1	1	3	1530	0.0282259
0.444029	1	1	3	1530	0.0281259
0.444029	1	1	3	1530	0.0280259
0.444029	1	1	3	1530	0.0279259
0.444029	1	7	3	1530	0.0324033
0.444029	1	7	3	1530	0.0323033
0.444029	1	7	3	1530	0.0322033
0.444029	1	7	3	1530	0.0321033
0.444029	1	7	3	1530	0.0320033
0.444029	1	7	3	1530	0.0319033
0.444029	1	7	3	1530	0.0318033
0.444029	1	7	3	1530	0.0317033
0.444314	3	21	3	1530	0.030384
0.444314	3	21	3	1530	0.030284
0.444314	3	21	3	1530	0.030184
0.444386	3	20	3	1530	0.0304567
0.444386	3	20	3	1530	0.0303567
0.444386	3	20	3	1530	0.0302567
0.444529	3	18	3	1530	0.0306021
0.444529	3	18	3	1530	0.0305021
0.444529	3	18	3	1530	0.0304021
0.4446	3	12	3	1530	0.030676
0.4446	3	12	3	1530	0.030576
0.4446	3	12	3	1530	0.030476
0.444671	3	11	3	1530	0.0317525
0.444671	3	11	3	1530	0.0316525
0.444743	3	10	3	1530	0.0308264
0.444743	3	10	3	1530	0.0307264
0.444743	3	10	3	1530	0.0306264
0.444814	3	9	3	1530	0.0330991
0.444886	3	8	3	1530	0.0312718
0.444886	3	8	3	1530	0.0311718
0.444886	3	8	3	1530	0.0310718
0.444957	3	7	3	1530	0.0310445
0.444957	3	7	3	1530	0.0309445
0.444957	3	7	3	1530	0.0308445
0.445029	1	1	3	1530	0.0288259
0.445029	1	1	3	1530	0.0287259
0.445029	1	1	3	1530	0.0286259
0.445029	1	1	3	1530	0.0285259
0.445029	1	1	3	1530	0.0284259
0.445029	1	1	3	1530	0.0283259
0.445029	1	1	3	1530	0.0282259
0.445029	1	1	3	1530	0.0281259
0.445029	1	1	3	1530	0.0280259
0.445029	1	1	3	1530	0.0279259
0.445386	1	7	3	1530	0.0329605
0.445386	1	7	3	1530	0.0328605
0.4456	1	6	3	1530	0.0289773
0.4456	1	6	3	1530	0.0288773
0.4456	1	6	3	1530	0.0287773
0.4456	1	6	3	1530	0.0286773
0.4456	1	6	3	1530	0.0285773
0.4456	1	6	3	1530	0.0284773
0.4456	1	6	3	1530	0.0283773
0.4456	1	6	3	1530	0.0282773
0.445814	1	5	3	1530	0.0305928
0.445814	1	5	3	1530	0.0304928
0.445814	1	5	3	1530	0.0303928
0.445814	1	5	3	1530	0.0302928
0.446029	3	19	3	1530	0.0353008
0.446029	1	1	3	1530	0.0288259
0.446029	1	1	3	1530	0.0287259
0.446029	1	1	3	1530	0.0286259
0.446029	1	1	3	1530	0.0285259
0.446029	1	1	3	1530	0.0284259
0.446386	1	7	3	1530	0.0337605
0.446386	1	7	3	1530	0.0336605
0.446386	1	7	3	1530	0.0335605
0.4466	1	6	3	1530	0.0291773
0.4466	1	6	3	1530	0.0290773
0.4466	1	6	3	1530	0.0289773
0.4466	1	6	3	1530	0.0288773
0.4466	1	6	3	1530	0.0287773
0.4466	1	6	3	1530	0.0286773
0.4466	1	6	3	1530	0.0285773
0.446814	1	5	3	1530	0.0311928
0.446814	1	5	3	1530	0.0310928
0.446814	1	5	3	1530	0.0309928
0.447029	3	19	3	1530	0.0362008
0.447029	3	19	3	1530	0.0361008
0.447386	1	7	3	1530	0.0344605
0.447386	1	7	3	1530	0.0343605
0.447386	1	7	3	1530	0.0342605
0.4476	1	6	3	1530	0.0294773
0.4476	1	6	3	1530	0.0293773
0.4476	1	6	3	1530	0.0292773
0.4476	1	6	3	1530	0.0291773
0.4476	1	6	3	1530	0.0290773
0.4476	1	6	3	1530	0.0289773
0.4476	1	6	3	1530	0.0288773
0.4476	1	6	3	1530	0.0287773
0.447814	1	5	3	1530	0.0318928
0.447814	1	5	3	1530	0.0317928
0.447814	1	5	3	1530	0.0316928
0.447814	1	5	3	1530	0.0315928
0.448029	3	19	3	1530	0.0370008
0.448029	3	19	3	1530	0.0369008
0.448243	3	22	3	1530	0.0381113
0.448314	3	21	3	1530	0.034084
0.448314	3	21	3	1530	0.033984
0.448314	3	21	3	1530	0.033884
0.448386	3	20	3	1530	0.0341567
0.448386	3	20	3	1530	0.0340567
0.448386	3	20	3	1530	0.0339567
0.448529	3	18	3	1530	0.0343021
0.448529	3	18	3	1530	0.0342021
0.448529	3	18	3	1530	0.0341021
0.4486	1	6	3	1530	0.0296773
0.4486	1	6	3	1530	0.0295773
0.4486	1	6	3	1530	0.0294773
0.4486	1	6	3	1530	0.0293773
0.4486	1	6	3	1530	0.0292773
0.4486	1	6	3	1530	0.0291773
0.4486	1	6	3	1530	0.0290773
0.4486	1	6	3	1530	0.0289773
0.4486	3	12	3	1530	0.034376
0.4486	3	12	3	1530	0.034276
0.4486	3	12	3	1530	0.034176
0.448671	3	11	3	1530	0.0355525
0.448743	3	10	3	1530	0.0345264
0.448743	3	10	3	1530	0.0344264
0.448814	1	5	3	1530	0.0324928
0.448814	1	5	3	1530	0.0323928
0.448814	1	5	3	1530	0.0322928
0.448814	1	5	3	1530	0.0321928
0.448886	3	8	3	1530	0.0349718
0.448886	3	8	3	1530	0.0348718
0.448957	3	7	3	1530	0.0347445
0.448957	3	7	3	1530	0.0346445
0.448957	3	7	3	1530	0.0345445
0.4496	1	6	3	1530	0.0298773
0.4496	1	6	3	1530	0.0297773
0.4496	1	6	3	1530	0.0296773
0.449886	1	5	3	1530	0.0331642
0.449886	1	5	3	1530	0.0330642
0.449886	1	5	3	1530	0.0329642
0.449886	1	5	3	1530	0.0328642
0.449886	1	5	3	1530	0.0327642
0.449957	3	6	3	1530	0.0396457
0.449957	3	6	3	1530	0.0395457
0.450314	3	21	3	1530	0.035784
0.450314	3	21	3	1530	0.035684
0.450386	3	20	3	1530	0.0358567
0.450386	3	20	3	1530	0.0357567
0.450529	3	18	3	1530	0.0360021
0.450529	3	18	3	1530	0.0359021
0.4506	3	12	3	1530	0.036076
0.4506	3	12	3	1530	0.035976
0.450671	3	11	3	1530	0.0374525
0.450671	3	11	3	1530	0.0373525
0.450743	3	10	3	1530	0.0363264
0.450743	3	10	3	1530	0.0362264
0.450743	3	10	3	1530	0.0361264
0.450886	3	8	3	1530	0.0367718
0.450886	3	8	3	1530	0.0366718
0.450886	3	8	3	1530	0.0365718
0.450957	3	7	3	1530	0.0364445
0.450957	3	7	3	1530	0.0363445
0.451029	1	5	3	1530	0.0338071
0.451029	1	5	3	1530	0.0337071
0.451029	1	5	3	1530	0.0336071
0.451029	1	5	3	1530	0.0335071
0.451029	1	5	3	1530	0.0334071
0.451029	1	5	3	1530	0.0333071
0.451029	1	5	3	1530	0.0332071
0.451029	1	5	3	1530	0.0331071
0.451314	3	21	3	1530	0.036584
0.451314	3	21	3	1530	0.036484
0.451314	3	21	3	1530	0.036384
0.451386	3	20	3	1530	0.0366567
0.451386	3	20	3	1530	0.0365567
0.451386	3	20	3	1530	0.0364567
0.451529	3	18	3	1530	0.0368021
0.451529	3	18	3	1530	0.0367021
0.451529	3	18	3	1530	0.0366021
0.4516	3	12	3	1530	0.036876
0.4516	3	12	3	1530	0.036776
0.4516	3	12	3	1530	0.036676
0.451671	3	11	3	1530	0.0382525
0.451743	3	10	3	1530	0.0370264
0.451743	3	10	3	1530	0.0369264
0.451886	3	8	3	1530	0.0374718
0.451886	3	8	3	1530	0.0373718
0.451957	3	7	3	1530	0.0372445
0.451957	3	7	3	1530	0.0371445
0.451957	3	7	3	1530	0.0370445
0.452029	1	1	3	1530	0.0343259
0.452029	1	1	3	1530	0.0342259
0.452029	1	1	3	1530	0.0341259
0.452029	1	1	3	1530	0.0340259
0.452029	1	1	3	1530	0.0339259
0.452029	1	1	3	1530	0.0338259
0.452029	1	1	3	1530	0.0337259
0.452029	1	1	3	1530	0.0336259
0.452029	1	1	3	1530	0.0335259
0.452029	1	1	3	1530	0.0334259
0.452029	1	1	3	1530	0.0333259
0.452029	1	1	3	1530	0.0332259
0.452314	3	21	3	1530	0.037284
0.452314	3	21	3	1530	0.037184
0.452386	3	20	3	1530	0.0373567
0.452386	3	20	3	1530	0.0372567
0.452529	3	18	3	1530	0.0375021
0.452529	3	18	3	1530	0.0374021
0.4526	3	12	3	1530	0.037576
0.4526	3	12	3	1530	0.037476
0.452671	3	11	3	1530	0.0391525
0.452671	3	11	3	1530	0.0390525
0.452743	3	10	3	1530	0.0378264
0.452743	3	10	3	1530	0.0377264
0.452743	3	10	3	1530	0.0376264
0.452886	3	8	3	1530	0.0382718
0.452886	3	8	3	1530	0.0381718
0.452886	3	8	3	1530	0.0380718
0.452957	3	7	3	1530	0.0379445
0.452957	3	7	3	1530	0.0378445
0.453029	1	5	3	1530	0.0350071
0.453029	1	5	3	1530	0.0349071
0.453029	1	5	3	1530	0.0348071
0.453029	1	5	3	1530	0.0347071
0.453029	1	5	3	1530	0.0346071
0.453029	1	5	3	1530	0.0345071
0.453029	1	5	3	1530	0.0344071
0.453029	1	5	3	1530	0.0343071
0.454029	1	1	3	1530	0.0351259
0.454029	1	1	3	1530	0.0350259
0.454029	1	1	3	1530	0.0349259
0.454029	1	1	3	1530	0.0348259
0.454029	1	1	3	1530	0.0347259
0.454029	1	1	3	1530	0.0346259
0.454029	1	1	3	1530	0.0345259
0.454029	1	1	3	1530	0.0344259
0.454029	1	7	3	1530	0.0408033
0.454029	1	7	3	1530	0.0407033
0.454029	1	7	3	1530	0.0406033
0.454029	1	7	3	1530	0.0405033
0.454029	1	7	3	1530	0.0404033
0.454029	3	9	3	1530	0.0422134
0.454029	3	9	3	1530	0.0421134
0.454029	3	9	3	1530	0.0420134
0.454029	3	9	3	1530	0.0419134
0.454029	3	19	3	1530	0.0428008
0.454029	3	19	3	1530	0.0427008
0.454314	3	21	3	1530	0.039084
0.454314	3	21	3	1530	0.038984
0.454314	3	21	3	1530	0.038884
0.454386	3	20	3	1530	0.0391567
0.454386	3	20	3	1530	0.0390567
0.454386	3	20	3	1530	0.0389567
0.454529	3	18	3	1530	0.0393021
0.454529	3	18	3	1530	0.0392021
0.454529	3	18	3	1530	0.0391021
0.4546	3	12	3	1530	0.039376
0.4546	3	12	3	1530	0.039276
0.4546	3	12	3	1530	0.039176
0.454671	3	11	3	1530	0.0409525
0.454671	3	11	3	1530	0.0408525
0.454743	3	10	3	1530	0.0395264
0.454743	3	10	3	1530	0.0394264
0.454814	3	9	3	1530	0.0425991
0.454886	3	8	3	1530	0.0399718
0.454886	3	8	3	1530	0.0398718
0.454957	3	7	3	1530	0.0397445
0.454957	3	7	3	1530	0.0396445
0.454957	3	7	3	1530	0.0395445
0.455029	1	1	3	1530	0.0353259
0.455029	1	1	3	1530	0.0352259
0.455029	1	1	3	1530	0.0351259
0.455029	1	7	3	1530	0.0413033
0.455029	1	7	3	1530	0.0412033
0.455029	1	7	3	1530	0.0411033
0.455029	1	7	3	1530	0.0410033
0.455029	1	7	3	1530	0.0409033
0.455029	1	7	3	1530	0.0408033
0.455029	1	7	3	1530	0.0407033
0.455029	1	7	3	1530	0.0406033
0.455029	1	7	3	1530	0.0405033
0.455029	1	7	3	1530	0.0404033
0.456029	1	7	3	1530	0.0413033
0.456029	1	7	3	1530	0.0412033
0.456029	1	7	3	1530	0.0411033
0.456029	1	7	3	1530	0.0410033
0.456029	1	7	3	1530	0.0409033
0.456029	1	7	3	1530	0.0408033
0.456029	1	7	3	1530	0.0407033
0.456029	1	7	3	1530	0.0406033
0.456029	1	7	3	1530	0.0405033
0.456029	1	7	3	1530	0.0404033
0.456029	1	7	3	1530	0.0403033
0.456029	1	7	3	1530	0.0402033
0.456029	1	7	3	1530	0.0401033
0.456029	1	7	3	1530	0.0400033
0.456029	1	7	3	1530	0.0399033
0.456029	1	7	3	1530	0.0398033
0.4566	1	7	3	1530	0.0402748
0.4566	1	7	3	1530	0.0401748
0.4566	1	7	3	1530	0.0400748
0.4566	1	7	3	1530	0.0399748
0.4566	1	7	3	1530	0.0398748
0.4566	1	7	3	1530	0.0397748
0.457029	3	19	3	1530	0.0456008
0.457029	1	5	3	1530	0.0382071
0.457029	1	5	3	1530	0.0381071
0.457029	1	5	3	1530	0.0380071
0.457029	1	5	3	1530	0.0379071
0.457029	1	5	3	1530	0.0378071
0.457029	1	5	3	1530	0.0377071
0.457029	1	5	3	1530	0.0376071
0.457743	1	7	3	1530	0.0408176
0.457743	1	7	3	1530	0.0407176
0.457743	1	7	3	1530	0.0406176
0.457743	1	7	3	1530	0.0405176
0.457743	1	7	3	1530	0.0404176
0.457743	1	7	3	1530	0.0403176
0.457743	1	7	3	1530	0.0402176
0.458029	3	19	3	1530	0.0465008
0.458029	3	19	3	1530	0.0464008
0.458029	1	5	3	1530	0.0385071
0.458029	1	5	3	1530	0.0384071
0.458029	1	5	3	1530	0.0383071
0.458029	1	5	3	1530	0.0382071
0.458029	1	5	3	1530	0.0381071
0.458957	1	7	3	1530	0.0413319
0.458957	1	7	3	1530	0.0412319
0.458957	1	7	3	1530	0.0411319
0.458957	1	7	3	1530	0.0410319
0.458957	1	7	3	1530	0.0409319
0.458957	1	7	3	1530	0.0408319
0.458957	1	7	3	1530	0.0407319
0.458957	1	7	3	1530	0.0406319
0.458957	1	7	3	1530	0.0405319
0.458957	1	7	3	1530	0.0404319
0.459029	3	6	3	1530	0.0485171
0.459029	3	6	3	1530	0.0484171
0.459029	3	6	3	1530	0.0483171
0.461029	3	6	3	1530	0.0502171
0.461029	3	6	3	1530	0.0501171
0.461029	3	6	3	1530	0.0500171
0.461029	3	22	3	1530	0.050797
0.461029	3	22	3	1530	0.050697
0.461029	3	22	3	1530	0.050597
0.461314	3	21	3	1530	0.045784
0.461314	3	21	3	1530	0.045684
0.461314	3	21	3	1530	0.045584
0.461386	3	20	3	1530	0.0458567
0.461386	3	20	3	1530	0.0457567
0.461386	3	20	3	1530	0.0456567
0.461457	3	19	3	1530	0.0497294
0.461529	3	18	3	1530	0.0460021
0.461529	3	18	3	1530	0.0459021
0.461529	3	18	3	1530	0.0458021
0.4616	3	12	3	1530	0.046076
0.4616	3	12	3	1530	0.045976
0.4616	3	12	3	1530	0.045876
0.461671	3	11	3	1530	0.0477525
0.461671	3	11	3	1530	0.0476525
0.461743	3	10	3	1530	0.0463264
0.461743	3	10	3	1530	0.0462264
0.461743	3	10	3	1530	0.0461264
0.461814	3	9	3	1530	0.0494991
0.461886	3	8	3	1530	0.0467718
0.461886	3	8	3	1530	0.0466718
0.461886	3	8	3	1530	0.0465718
0.461957	3	7	3	1530	0.0464445
0.461957	3	7	3	1530	0.0463445
0.461957	3	7	3	1530	0.0462445
0.463029	3	6	3	1530	0.0519171
0.463029	3	22	3	1530	0.052497
0.463243	3	22	3	1530	0.0526113
0.463314	3	21	3	1530	0.047484
0.463314	3	21	3	1530	0.047384
0.463386	3	20	3	1530	0.0475567
0.463386	3	20	3	1530	0.0474567
0.463529	3	18	3	1530	0.0477021
0.463529	3	18	3	1530	0.0476021
0.4636	3	12	3	1530	0.047776
0.4636	3	12	3	1530	0.047676
0.463671	3	11	3	1530	0.0495525
0.463671	3	11	3	1530	0.0494525
0.463743	3	10	3	1530	0.0480264
0.463743	3	10	3	1530	0.0479264
0.463743	3	10	3	1530	0.0478264
0.463814	3	9	3	1530	0.0513991
0.463886	3	8	3	1530	0.0484718
0.463886	3	8	3	1530	0.0483718
0.463957	3	7	3	1530	0.0481445
0.463957	3	7	3	1530	0.0480445
0.464029	3	6	3	1530	0.0528171
0.464314	3	21	3	1530	0.048284
0.464314	3	21	3	1530	0.048184
0.464314	3	21	3	1530	0.048084
0.464386	3	20	3	1530	0.0483567
0.464386	3	20	3	1530	0.0482567
0.464386	3	20	3	1530	0.0481567
0.464529	3	18	3	1530	0.0485021
0.464529	3	18	3	1530	0.0484021
0.464529	3	18	3	1530	0.0483021
0.4646	3	12	3	1530	0.048576
0.4646	3	12	3	1530	0.048476
0.4646	3	12	3	1530	0.048376
0.464671	3	11	3	1530	0.0503525
0.464671	3	11	3	1530	0.0502525
0.464743	3	10	3	1530	0.0487264
0.464743	3	10	3	1530	0.0486264
0.464814	3	9	3	1530	0.0522991
0.464886	3	8	3	1530	0.0492718
0.464886	3	8	3	1530	0.0491718
0.464886	3	8	3	1530	0.0490718
0.464957	1	7	3	1530	0.0463319
0.464957	1	7	3	1530	0.0462319
0.464957	1	7	3	1530	0.0461319
0.464957	1	7	3	1530	0.0460319
0.464957	1	7	3	1530	0.0459319
0.464957	1	7	3	1530	0.0458319
0.464957	1	7	3	1530	0.0457319
0.464957	1	7	3	1530	0.0456319
0.464957	1	7	3	1530	0.0455319
0.464957	1	7	3	1530	0.0454319
0.464957	1	7	3	1530	0.0453319
0.464957	1	7	3	1530	0.0452319
0.464957	1	7	3	1530	0.0451319
0.464957	1	7	3	1530	0.0450319
0.464957	3	7	3	1530	0.0489445
0.464957	3	7	3	1530	0.0488445
0.464957	3	7	3	1530	0.0487445
0.465029	3	6	3	1530	0.0537171
0.465029	3	6	3	1530	0.0536171
0.465029	3	6	3	1530	0.0535171
0.465314	3	21	3	1530	0.048984
0.465314	3	21	3	1530	0.048884
0.465314	3	21	3	1530	0.048784
0.465386	3	20	3	1530	0.0490567
0.465386	3	20	3	1530	0.0489567
0.465386	3	20	3	1530	0.0488567
0.465529	3	18	3	1530	0.0492021
0.465529	3	18	3	1530	0.0491021
0.465529	3	18	3	1530	0.0490021
0.4656	3	12	3	1530	0.049276
0.4656	3	12	3	1530	0.049176
0.4656	3	12	3	1530	0.049076
0.465671	3	11	3	1530	0.0511525
0.465671	3	11	3	1530	0.0510525
0.465743	3	10	3	1530	0.0495264
0.465743	3	10	3	1530	0.0494264
0.465743	3	10	3	1530	0.0493264
0.465814	3	9	3	1530	0.0531991
0.465886	3	8	3	1530	0.0499718
0.465886	3	8	3	1530	0.0498718
0.465886	3	8	3	1530	0.0497718
0.465957	3	7	3	1530	0.0496445
0.465957	3	7	3	1530	0.0495445
0.465957	3	7	3	1530	0.0494445
0.466314	3	21	3	1530	0.049684
0.466314	3	21	3	1530	0.049584
0.466386	3	20	3	1530	0.0497567
0.466386	3	20	3	1530	0.0496567
0.466529	3	18	3	1530	0.0499021
0.466529	3	18	3	1530	0.0498021
0.4666	3	12	3	1530	0.049976
0.4666	3	12	3	1530	0.049876
0.466671	3	11	3	1530	0.0519525
0.466743	3	10	3	1530	0.0502264
0.466743	3	10	3	1530	0.0501264
0.466814	3	9	3	1530	0.0540991
0.466886	3	8	3	1530	0.0506718
0.466886	3	8	3	1530	0.0505718
0.466957	3	7	3	1530	0.0503445
0.466957	3	7	3	1530	0.0502445
0.467314	3	21	3	1530	0.050484
0.467314	3	21	3	1530	0.050384
0.467314	3	21	3	1530	0.050284
0.467386	3	20	3	1530	0.0505567
0.467386	3	20	3	1530	0.0504567
0.467386	3	20	3	1530	0.0503567
0.467529	3	18	3	1530	0.0507021
0.467529	3	18	3	1530	0.0506021
0.467529	3	18	3	1530	0.0505021
0.4676	3	12	3	1530	0.050776
0.4676	3	12	3	1530	0.050676
0.4676	3	12	3	1530	0.050576
0.467671	3	11	3	1530	0.0528525
0.467671	3	11	3	1530	0.0527525
0.467671	3	11	3	1530	0.0526525
0.467743	3	10	3	1530	0.0510264
0.467743	3	10	3	1530	0.0509264
0.467743	3	10	3	1530	0.0508264
0.467886	3	8	3	1530	0.0514718
0.467886	3	8	3	1530	0.0513718
0.467886	3	8	3	1530	0.0512718
0.467957	3	7	3	1530	0.0511445
0.467957	3	7	3	1530	0.0510445
0.467957	3	7	3	1530	0.0509445
0.470029	3	19	3	1530	0.0582008
0.471029	3	19	3	1530	0.0591008
0.471029	3	19	3	1530	0.0590008
0.472029	3	6	3	1530	0.0604171
0.472029	3	6	3	1530	0.0603171
0.472029	3	19	3	1530	0.0599008
0.472029	3	19	3	1530	0.0598008
0.472029	3	22	3	1530	0.061297
0.472029	3	22	3	1530	0.061197
0.472029	3	22	3	1530	0.061097
0.472029	3	22	3	1530	0.060997
0.472029	3	22	3	1530	0.060897
0.473029	3	6	3	1530	0.0612171
0.473029	3	6	3	1530	0.0611171
0.473029	3	6	3	1530	0.0610171
0.473029	3	9	3	1530	0.0602134
0.473314	3	21	3	1530	0.056184
0.473314	3	21	3	1530	0.056084
0.473314	3	21	3	1530	0.055984
0.473386	3	20	3	1530	0.0562567
0.473386	3	20	3	1530	0.0561567
0.473386	3	20	3	1530	0.0560567
0.473457	3	19	3	1530	0.0611294
0.473529	3	18	3	1530	0.0564021
0.473529	3	18	3	1530	0.0563021
0.473529	3	18	3	1530	0.0562021
0.4736	3	12	3	1530	0.056476
0.4736	3	12	3	1530	0.056376
0.4736	3	12	3	1530	0.056276
0.473743	3	10	3	1530	0.0567264
0.473743	3	10	3	1530	0.0566264
0.473743	3	10	3	1530	0.0565264
0.473814	3	9	3	1530	0.0608991
0.473886	3	8	3	1530	0.0571718
0.473886	3	8	3	1530	0.0570718
0.473886	3	8	3	1530	0.0569718
0.473957	3	7	3	1530	0.0568445
0.473957	3	7	3	1530	0.0567445
0.473957	3	7	3	1530	0.0566445
0.474314	3	21	3	1530	0.056884
0.474314	3	21	3	1530	0.056784
0.474386	3	20	3	1530	0.0569567
0.474386	3	20	3	1530	0.0568567
0.474529	3	18	3	1530	0.0571021
0.474529	3	18	3	1530	0.0570021
0.4746	3	12	3	1530	0.057176
0.4746	3	12	3	1530	0.057076
0.474743	3	10	3	1530	0.0574264
0.474743	3	10	3	1530	0.0573264
0.474886	3	8	3	1530	0.0578718
0.474886	3	8	3	1530	0.0577718
0.474957	3	7	3	1530	0.0575445
0.474957	3	7	3	1530	0.0574445
0.475029	3	6	3	1530	0.0629171
0.475029	3	6	3	1530	0.0628171
0.475029	3	6	3	1530	0.0627171
0.475314	3	21	3	1530	0.057684
0.475314	3	21	3	1530	0.057584
0.475314	3	21	3	1530	0.057484
0.475386	3	20	3	1530	0.0577567
0.475386	3	20	3	1530	0.0576567
0.475386	3	20	3	1530	0.0575567
0.475529	3	18	3	1530	0.0579021
0.475529	3	18	3	1530	0.0578021
0.475529	3	18	3	1530	0.0577021
0.4756	3	12	3	1530	0.057976
0.4756	3	12	3	1530	0.057876
0.4756	3	12	3	1530	0.057776
0.475743	3	10	3	1530	0.0582264
0.475743	3	10	3	1530	0.0581264
0.475743	3	10	3	1530	0.0580264
0.475814	3	9	3	1530	0.0627991
0.475957	3	7	3	1530	0.0583445
0.475957	3	7	3	1530	0.0582445
0.475957	3	7	3	1530	0.0581445
0.476314	3	21	3	1530	0.058384
0.476314	3	21	3	1530	0.058284
0.476386	3	20	3	1530	0.0584567
0.476386	3	20	3	1530	0.0583567
0.476529	3	18	3	1530	0.0586021
0.476529	3	18	3	1530	0.0585021
0.4766	3	12	3	1530	0.058676
0.4766	3	12	3	1530	0.058576
0.476743	3	10	3	1530	0.0589264
0.476743	3	10	3	1530	0.0588264
0.476743	3	10	3	1530	0.0587264
0.476814	3	9	3	1530	0.0636991
0.476957	3	7	3	1530	0.0590445
0.476957	3	7	3	1530	0.0589445
0.477029	3	6	3	1530	0.0646171
0.477029	3	6	3	1530	0.0645171
0.477314	3	21	3	1530	0.059184
0.477314	3	21	3	1530	0.059084
0.477314	3	21	3	1530	0.058984
0.477386	3	20	3	1530	0.0592567
0.477386	3	20	3	1530	0.0591567
0.477386	3	20	3	1530	0.0590567
0.477529	3	18	3	1530	0.0594021
0.477529	3	18	3	1530	0.0593021
0.477529	3	18	3	1530	0.0592021
0.4776	3	12	3	1530	0.059476
0.4776	3	12	3	1530	0.059376
0.4776	3	12	3	1530	0.059276
0.477743	3	10	3	1530	0.0596264
0.477743	3	10	3	1530	0.0595264
0.477814	3	9	3	1530	0.0645991
0.477957	3	7	3	1530	0.0598445
0.477957	3	7	3	1530	0.0597445
0.477957	3	7	3	1530	0.0596445
0.479029	3	11	3	1530	0.0639096
0.479029	3	11	3	1530	0.0638096
0.479029	3	22	3	1530	0.067797
0.479029	3	22	3	1530	0.067697
0.479029	3	22	3	1530	0.067597
0.479029	3	22	3	1530	0.067497
0.479029	3	22	3	1530	0.067397
0.479029	3	22	3	1530	0.067297
0.479029	3	22	3	1530	0.067197
0.479029	3	22	3	1530	0.067097
0.479029	3	22	3	1530	0.066997
0.479029	3	22	3	1530	0.066897
0.479029	3	22	3	1530	0.066797
0.480029	3	11	3	1530	0.0647096
0.480029	3	11	3	1530	0.0646096
0.480029	3	19	3	1530	0.0676008
0.481029	3	8	3	1530	0.0638146
0.481029	3	8	3	1530	0.0637146
0.481029	3	8	3	1530	0.0636146
0.481029	3	8	3	1530	0.0635146
0.481029	3	8	3	1530	0.0634146
0.481029	3	8	3	1530	0.0633146
0.481029	3	8	3	1530	0.0632146
0.481029	3	8	3	1530	0.0631146
0.481029	3	11	3	1530	0.0655096
0.481029	3	11	3	1530	0.0654096
0.481029	3	19	3	1530	0.0685008
0.481957	3	11	3	1530	0.0662382
0.481957	3	11	3	1530	0.0661382
0.481957	3	19	3	1530	0.0693294
0.481957	3	19	3	1530	0.0692294
0.483029	3	6	3	1530	0.0704171
0.483029	3	6	3	1530	0.0703171
0.483029	3	6	3	1530	0.0702171
0.483029	3	11	3	1530	0.0671096
0.483029	3	11	3	1530	0.0670096
0.483029	3	19	3	1530	0.0702008
0.483243	3	22	3	1530	0.0709113
0.483243	3	22	3	1530	0.0708113
0.483243	3	22	3	1530	0.0707113
0.483314	3	21	3	1530	0.064884
0.483314	3	21	3	1530	0.064784
0.483314	3	21	3	1530	0.064684
0.483386	3	20	3	1530	0.0649567
0.483386	3	20	3	1530	0.0648567
0.483386	3	20	3	1530	0.0647567
0.483457	3	19	3	1530	0.0705294
0.483529	3	18	3	1530	0.0651021
0.483529	3	18	3	1530	0.0650021
0.483529	3	18	3	1530	0.0649021
0.4836	3	12	3	1530	0.065176
0.4836	3	12	3	1530	0.065076
0.4836	3	12	3	1530	0.064976
0.483671	3	11	3	1530	0.0675525
0.483671	3	11	3	1530	0.0674525
0.483743	3	10	3	1530	0.0654264
0.483743	3	10	3	1530	0.0653264
0.483743	3	10	3	1530	0.0652264
0.483814	3	9	3	1530	0.0704991
0.483886	3	8	3	1530	0.0658718
0.483886	3	8	3	1530	0.0657718
0.483886	3	8	3	1530	0.0656718
0.483957	3	7	3	1530	0.0655445
0.483957	3	7	3	1530	0.0654445
0.483957	3	7	3	1530	0.0653445
0.484029	3	6	3	1530	0.0711171
0.484029	3	6	3	1530	0.0710171
0.484314	3	21	3	1530	0.065584
0.484314	3	21	3	1530	0.065484
0.484386	3	20	3	1530	0.0656567
0.484386	3	20	3	1530	0.0655567
0.484457	3	19	3	1530	0.0714294
0.484529	3	18	3	1530	0.0658021
0.484529	3	18	3	1530	0.0657021
0.4846	3	12	3	1530	0.065876
0.4846	3	12	3	1530	0.065776
0.484743	3	10	3	1530	0.0661264
0.484743	3	10	3	1530	0.0660264
0.484814	3	9	3	1530	0.0713991
0.484886	3	8	3	1530	0.0665718
0.484886	3	8	3	1530	0.0664718
0.484957	3	7	3	1530	0.0662445
0.484957	3	7	3	1530	0.0661445
0.485314	3	21	3	1530	0.066384
0.485314	3	21	3	1530	0.066284
0.485314	3	21	3	1530	0.066184
0.485386	3	20	3	1530	0.0664567
0.485386	3	20	3	1530	0.0663567
0.485386	3	20	3	1530	0.0662567
0.485529	3	18	3	1530	0.0666021
0.485529	3	18	3	1530	0.0665021
0.485529	3	18	3	1530	0.0664021
0.4856	3	12	3	1530	0.066676
0.4856	3	12	3	1530	0.066576
0.4856	3	12	3	1530	0.066476
0.485743	3	10	3	1530	0.0669264
0.485743	3	10	3	1530	0.0668264
0.485743	3	10	3	1530	0.0667264
0.485814	3	9	3	1530	0.0722991
0.485886	3	8	3	1530	0.0673718
0.485886	3	8	3	1530	0.0672718
0.485886	3	8	3	1530	0.0671718
0.485957	3	7	3	1530	0.0670445
0.485957	3	7	3	1530	0.0669445
0.485957	3	7	3	1530	0.0668445
0.486243	3	22	3	1530	0.0736113
0.486314	3	21	3	1530	0.067084
0.486314	3	21	3	1530	0.066984
0.486314	3	21	3	1530	0.066884
0.486386	3	20	3	1530	0.0671567
0.486386	3	20	3	1530	0.0670567
0.486386	3	20	3	1530	0.0669567
0.486529	3	18	3	1530	0.0673021
0.486529	3	18	3	1530	0.0672021
0.486529	3	18	3	1530	0.0671021
0.4866	3	12	3	1530	0.067376
0.4866	3	12	3	1530	0.067276
0.4866	3	12	3	1530	0.067176
0.486743	3	10	3	1530	0.0676264
0.486743	3	10	3	1530	0.0675264
0.486743	3	10	3	1530	0.0674264
0.486814	3	9	3	1530	0.0731991
0.486886	3	8	3	1530	0.0680718
0.486886	3	8	3	1530	0.0679718
0.486886	3	8	3	1530	0.0678718
0.486957	3	7	3	1530	0.0677445
0.486957	3	7	3	1530	0.0676445
0.486957	3	7	3	1530	0.0675445
0.487029	3	6	3	1530	0.0739171
0.487029	3	6	3	1530	0.0738171
0.487314	3	21	3	1530	0.067784
0.487314	3	21	3	1530	0.067684
0.487386	3	20	3	1530	0.0678567
0.487386	3	20	3	1530	0.0677567
0.487529	3	18	3	1530	0.0680021
0.487529	3	18	3	1530	0.0679021
0.4876	3	12	3	1530	0.068076
0.4876	3	12	3	1530	0.067976
0.487743	3	10	3	1530	0.0683264
0.487743	3	10	3	1530	0.0682264
0.487814	3	9	3	1530	0.0740991
0.487886	3	8	3	1530	0.0687718
0.487886	3	8	3	1530	0.0686718
0.487957	3	7	3	1530	0.0684445
0.487957	3	7	3	1530	0.0683445
0.488029	3	6	3	1530	0.0747171
0.488029	3	6	3	1530	0.0746171
0.488029	3	6	3	1530	0.0745171
0.488243	3	22	3	1530	0.0755113
0.488314	3	21	3	1530	0.068584
0.488314	3	21	3	1530	0.068484
0.488314	3	21	3	1530	0.068384
0.488386	3	20	3	1530	0.0686567
0.488386	3	20	3	1530	0.0685567
0.488386	3	20	3	1530	0.0684567
0.488529	3	18	3	1530	0.0688021
0.488529	3	18	3	1530	0.0687021
0.488529	3	18	3	1530	0.0686021
0.4886	3	12	3	1530	0.068876
0.4886	3	12	3	1530	0.068776
0.4886	3	12	3	1530	0.068676
0.488743	3	10	3	1530	0.0691264
0.488743	3	10	3	1530	0.0690264
0.488743	3	10	3	1530	0.0689264
0.488814	3	9	3	1530	0.0749991
0.488886	3	8	3	1530	0.0695718
0.488886	3	8	3	1530	0.0694718
0.488886	3	8	3	1530	0.0693718
0.488957	3	7	3	1530	0.0692445
0.488957	3	7	3	1530	0.0691445
0.488957	3	7	3	1530	0.0690445
0.489029	3	6	3	1530	0.0754171
0.490029	3	11	3	1530	0.0737096
0.490029	3	11	3	1530	0.0736096
0.490029	3	11	3	1530	0.0735096
0.490957	3	11	3	1530	0.0743382
0.490957	3	11	3	1530	0.0742382
0.490957	3	11	3	1530	0.0741382
0.490957	3	19	3	1530	0.0778294
0.492029	3	19	3	1530	0.0788008
0.493029	3	11	3	1530	0.0761096
0.493029	3	11	3	1530	0.0760096
0.493029	3	11	3	1530	0.0759096
0.493029	3	19	3	1530	0.0797008
0.493029	3	19	3	1530	0.0796008
0.493957	3	11	3	1530	0.0767382
0.493957	3	11	3	1530	0.0766382
0.493957	3	11	3	1530	0.0765382
0.493957	3	19	3	1530	0.0804294
0.494243	3	22	3	1530	0.0814113
0.494243	3	22	3	1530	0.0813113
0.494386	3	11	3	1530	0.0768667
0.494457	3	10	3	1530	0.0745407
0.494529	3	9	3	1530	0.0806134
0.4946	3	8	3	1530	0.0749861
0.4946	3	8	3	1530	0.0748861
0.494671	3	6	3	1530	0.08096
0.494671	3	6	3	1530	0.08086
0.495243	3	22	3	1530	0.0822113
0.495243	3	22	3	1530	0.0821113
0.495314	3	19	3	1530	0.0816865
0.495457	3	9	3	1530	0.0814419
0.495529	3	8	3	1530	0.0757146
0.495529	3	8	3	1530	0.0756146
0.4956	3	6	3	1530	0.0816886
0.4956	3	6	3	1530	0.0815886
0.496243	3	22	3	1530	0.0830113
0.496243	3	22	3	1530	0.0829113
0.496243	3	22	3	1530	0.0828113
0.496529	3	6	3	1530	0.0824171
0.496529	3	6	3	1530	0.0823171
0.496529	3	6	3	1530	0.0822171
0.497243	3	22	3	1530	0.0837113
0.497243	3	22	3	1530	0.0836113
0.497457	3	9	3	1530	0.0833419
0.497529	3	6	3	1530	0.0831171
0.497529	3	6	3	1530	0.0830171
0.498243	3	22	3	1530	0.0845113
0.498243	3	22	3	1530	0.0844113
0.498243	3	22	3	1530	0.0843113
0.498457	3	9	3	1530	0.0842419
0.498529	3	6	3	1530	0.0839171
0.498529	3	6	3	1530	0.0838171
0.498529	3	6	3	1530	0.0837171
0.499243	3	22	3	1530	0.0852113
0.499243	3	22	3	1530	0.0851113
0.499457	3	9	3	1530	0.0851419
0.499529	3	6	3	1530	0.0846171
0.499529	3	6	3	1530	0.0845171
0.501029	3	11	3	1530	0.0834096
0.501029	3	11	3	1530	0.0833096
0.501029	3	11	3	1530	0.0832096
0.501957	3	11	3	1530	0.0840382
0.501957	3	11	3	1530	0.0839382
0.501957	3	11	3	1530	0.0838382
0.501957	3	19	3	1530	0.0882294
0.503029	3	11	3	1530	0.0848096
0.503029	3	11	3	1530	0.0847096
0.503029	3	19	3	1530	0.0892008
0.503029	3	19	3	1530	0.0891008
0.504029	3	11	3	1530	0.0856096
0.504029	3	11	3	1530	0.0855096
0.504029	3	11	3	1530	0.0854096
0.504029	3	11	3	1530	0.0853096
0.504029	3	19	3	1530	0.0900008
0.505029	3	19	3	1530	0.0909008
0.505029	3	19	3	1530	0.0908008
0.505243	3	22	3	1530	0.0910113
0.505243	3	22	3	1530	0.0909113
0.505243	3	22	3	1530	0.0908113
0.505386	3	11	3	1530	0.0865667
0.505386	3	11	3	1530	0.0864667
0.505457	3	9	3	1530	0.0910419
0.505529	3	6	3	1530	0.0904171
0.505529	3	6	3	1530	0.0903171
0.505529	3	6	3	1530	0.0902171
0.5056	3	5	3	1530	0.0955898
0.505671	3	4	3	1530	0.0956625
0.505671	3	4	3	1530	0.0955625
0.505671	3	4	3	1530	0.0954625
0.505743	3	3	3	1530	0.0957352
0.505743	3	3	3	1530	0.0956352
0.505743	3	3	3	1530	0.0955352
0.505886	3	2	3	1530	0.0958793
0.505886	3	2	3	1530	0.0957793
0.505886	3	2	3	1530	0.0956793
0.505886	3	2	3	1530	0.0955793
0.505886	3	2	3	1530	0.0954793
0.506029	3	1	3	1530	0.0960234
0.506243	3	22	3	1530	0.0917113
0.506243	3	22	3	1530	0.0916113
0.506314	3	19	3	1530	0.0919865
0.506457	3	9	3	1530	0.0919419
0.506529	3	6	3	1530	0.0911171
0.506529	3	6	3	1530	0.0910171
0.5066	3	5	3	1530	0.0964898
0.5066	3	5	3	1530	0.0963898
0.506671	3	4	3	1530	0.0963625
0.506671	3	4	3	1530	0.0962625
0.506743	3	3	3	1530	0.0964352
0.506743	3	3	3	1530	0.0963352
0.506814	3	2	3	1530	0.0963079
0.506814	3	2	3	1530	0.0962079
0.506814	3	2	3	1530	0.0961079
0.506957	3	1	3	1530	0.096852
0.507243	3	22	3	1530	0.0925113
0.507243	3	22	3	1530	0.0924113
0.507457	3	9	3	1530	0.0928419
0.507529	3	6	3	1530	0.0919171
0.507529	3	6	3	1530	0.0918171
0.5076	3	5	3	1530	0.0972898
0.5076	3	5	3	1530	0.0971898
0.507671	3	4	3	1530	0.0971625
0.507671	3	4	3	1530	0.0970625
0.507671	3	4	3	1530	0.0969625
0.507743	3	3	3	1530	0.0972352
0.507743	3	3	3	1530	0.0971352
0.507743	3	3	3	1530	0.0970352
0.507886	3	2	3	1530	0.0970793
0.507886	3	2	3	1530	0.0969793
0.507886	3	2	3	1530	0.0968793
0.507886	3	2	3	1530	0.0967793
0.507886	3	2	3	1530	0.0966793
0.508029	3	1	3	1530	0.0978234
0.508243	3	22	3	1530	0.0933113
0.508243	3	22	3	1530	0.0932113
0.508243	3	22	3	1530	0.0931113
0.508457	3	9	3	1530	0.0937419
0.508529	3	6	3	1530	0.0927171
0.508529	3	6	3	1530	0.0926171
0.508529	3	6	3	1530	0.0925171
0.5086	3	5	3	1530	0.0980898
0.508671	3	4	3	1530	0.0978625
0.508671	3	4	3	1530	0.0977625
0.508743	3	3	3	1530	0.0979352
0.508743	3	3	3	1530	0.0978352
0.508886	3	2	3	1530	0.0975793
0.508886	3	2	3	1530	0.0974793
0.508886	3	2	3	1530	0.0973793
0.508886	3	2	3	1530	0.0972793
0.508886	3	2	3	1530	0.0971793
0.508886	3	2	3	1530	0.0970793
0.509029	3	1	3	1530	0.0987234
0.509243	3	22	3	1530	0.0940113
0.509243	3	22	3	1530	0.0939113
0.509457	3	9	3	1530	0.0946419
0.509529	3	6	3	1530	0.0934171
0.509529	3	6	3	1530	0.0933171
0.5096	3	5	3	1530	0.0989898
0.5096	3	5	3	1530	0.0988898
0.509671	3	4	3	1530	0.0986625
0.509671	3	4	3	1530	0.0985625
0.509671	3	4	3	1530	0.0984625
0.509743	3	3	3	1530	0.0987352
0.509743	3	3	3	1530	0.0986352
0.509743	3	3	3	1530	0.0985352
0.509886	3	2	3	1530	0.0979793
0.509886	3	2	3	1530	0.0978793
0.509886	3	2	3	1530	0.0977793
0.509886	3	2	3	1530	0.0976793
0.509886	3	2	3	1530	0.0975793
0.510243	3	22	3	1530	0.0948113
0.510243	3	22	3	1530	0.0947113
0.510243	3	22	3	1530	0.0946113
0.510386	3	9	3	1530	0.0954705
0.510457	3	6	3	1530	0.0941457
0.510457	3	6	3	1530	0.0940457
0.510457	3	6	3	1530	0.0939457
0.510529	3	5	3	1530	0.0997184
0.5106	3	4	3	1530	0.0992911
0.5106	3	4	3	1530	0.0991911
0.5106	3	4	3	1530	0.0990911
0.510743	3	3	3	1530	0.0994352
0.510743	3	3	3	1530	0.0993352
0.510743	3	3	3	1530	0.0992352
0.510743	3	3	3	1530	0.0991352
0.510743	3	3	3	1530	0.0990352
0.510886	3	2	3	1530	0.0984793
0.510886	3	2	3	1530	0.0983793
0.510886	3	2	3	1530	0.0982793
0.510886	3	2	3	1530	0.0981793
0.510886	3	2	3	1530	0.0980793
0.511029	3	1	3	1530	0.100623
0.512029	3	11	3	1530	0.0930096
0.512029	3	11	3	1530	0.0929096
0.512029	3	11	3	1530	0.0928096
0.513029	3	11	3	1530	0.0937096
0.513029	3	11	3	1530	0.0936096
0.513029	3	19	3	1530	0.0986008
0.514029	3	11	3	1530	0.0945096
0.514029	3	11	3	1530	0.0944096
0.514029	3	11	3	1530	0.0943096
0.514029	3	19	3	1530	0.0995008
0.514029	3	19	3	1530	0.0994008
0.515029	3	11	3	1530	0.0952096
0.515029	3	11	3	1530	0.0951096
0.515029	3	19	3	1530	0.100301
0.515957	3	19	3	1530	0.101129
0.515957	3	19	3	1530	0.101029
0.515957	3	19	3	1530	0.100929
0.516243	3	22	3	1530	0.100511
0.516243	3	22	3	1530	0.100411
0.516386	3	9	3	1530	0.101371
0.516457	3	6	3	1530	0.0998457
0.516457	3	6	3	1530	0.0997457
0.516529	3	5	3	1530	0.105618
0.516529	3	5	3	1530	0.105518
0.5166	3	4	3	1530	0.104991
0.5166	3	4	3	1530	0.104891
0.516743	3	3	3	1530	0.104935
0.516743	3	3	3	1530	0.104835
0.516743	3	3	3	1530	0.104735
0.516743	3	3	3	1530	0.104635
0.516743	3	3	3	1530	0.104535
0.516743	3	3	3	1530	0.104435
0.516886	3	2	3	1530	0.103979
0.516886	3	2	3	1530	0.103879
0.516886	3	2	3	1530	0.103779
0.516886	3	2	3	1530	0.103679
0.516886	3	2	3	1530	0.103579
0.517029	3	1	3	1530	0.106523
0.517243	3	22	3	1530	0.101311
0.517243	3	22	3	1530	0.101211
0.517243	3	22	3	1530	0.101111
0.517314	3	19	3	1530	0.102187
0.517457	3	6	3	1530	0.100646
0.517457	3	6	3	1530	0.100546
0.517457	3	6	3	1530	0.100446
0.517529	3	5	3	1530	0.106418
0.517529	3	5	3	1530	0.106318
0.5176	3	4	3	1530	0.105791
0.5176	3	4	3	1530	0.105691
0.5176	3	4	3	1530	0.105591
0.517743	3	3	3	1530	0.105335
0.517743	3	3	3	1530	0.105235
0.517743	3	3	3	1530	0.105135
0.517743	3	3	3	1530	0.105035
0.517743	3	3	3	1530	0.104935
0.517886	3	2	3	1530	0.104479
0.517886	3	2	3	1530	0.104379
0.517886	3	2	3	1530	0.104279
0.517886	3	2	3	1530	0.104179
0.517886	3	2	3	1530	0.104079
0.517886	3	2	3	1530	0.103979
0.518029	3	1	3	1530	0.107423
0.518243	3	22	3	1530	0.102011
0.518243	3	22	3	1530	0.101911
0.518386	3	9	3	1530	0.103271
0.518457	3	6	3	1530	0.101346
0.518457	3	6	3	1530	0.101246
0.518529	3	5	3	1530	0.107218
0.518529	3	5	3	1530	0.107118
0.5186	3	4	3	1530	0.106491
0.5186	3	4	3	1530	0.106391
0.5186	3	4	3	1530	0.106291
0.518743	3	3	3	1530	0.105835
0.518743	3	3	3	1530	0.105735
0.518743	3	3	3	1530	0.105635
0.518743	3	3	3	1530	0.105535
0.518743	3	3	3	1530	0.105435
0.518886	3	2	3	1530	0.104879
0.518886	3	2	3	1530	0.104779
0.518886	3	2	3	1530	0.104679
0.518886	3	2	3	1530	0.104579
0.518886	3	2	3	1530	0.104479
0.519029	3	1	3	1530	0.108323
0.519243	3	22	3	1530	0.102811
0.519243	3	22	3	1530	0.102711
0.519386	3	9	3	1530	0.104171
0.519457	3	6	3	1530	0.102146
0.519457	3	6	3	1530	0.102046
0.519529	3	5	3	1530	0.108018
0.519529	3	5	3	1530	0.107918
0.5196	3	4	3	1530	0.107191
0.5196	3	4	3	1530	0.107091
0.519743	3	3	3	1530	0.106335
0.519743	3	3	3	1530	0.106235
0.519743	3	3	3	1530	0.106135
0.519743	3	3	3	1530	0.106035
0.519743	3	3	3	1530	0.105935
0.519886	3	2	3	1530	0.105379
0.519886	3	2	3	1530	0.105279
0.519886	3	2	3	1530	0.105179
0.519886	3	2	3	1530	0.105079
0.519886	3	2	3	1530	0.104979
0.520029	3	1	3	1530	0.109223
0.520243	3	22	3	1530	0.103611
0.520243	3	22	3	1530	0.103511
0.520243	3	22	3	1530	0.103411
0.520386	3	9	3	1530	0.105071
0.520457	3	6	3	1530	0.102946
0.520457	3	6	3	1530	0.102846
0.520457	3	6	3	1530	0.102746
0.520529	3	5	3	1530	0.108818
0.520529	3	5	3	1530	0.108718
0.5206	3	4	3	1530	0.107991
0.5206	3	4	3	1530	0.107891
0.5206	3	4	3	1530	0.107791
0.520743	3	3	3	1530	0.106835
0.520743	3	3	3	1530	0.106735
0.520743	3	3	3	1530	0.106635
0.520743	3	3	3	1530	0.106535
0.520743	3	3	3	1530	0.106435
0.520743	3	3	3	1530	0.106335
0.520886	3	2	3	1530	0.105879
0.520886	3	2	3	1530	0.105779
0.520886	3	2	3	1530	0.105679
0.520886	3	2	3	1530	0.105579
0.520886	3	2	3	1530	0.105479
0.521243	3	22	3	1530	0.104311
0.521243	3	22	3	1530	0.104211
0.521386	3	9	3	1530	0.105971
0.521457	3	6	3	1530	0.103646
0.521457	3	6	3	1530	0.103546
0.521529	3	5	3	1530	0.109618
0.5216	3	4	3	1530	0.108691
0.5216	3	4	3	1530	0.108591
0.521743	3	3	3	1530	0.107235
0.521743	3	3	3	1530	0.107135
0.521743	3	3	3	1530	0.107035
0.521743	3	3	3	1530	0.106935
0.521743	3	3	3	1530	0.106835
0.521886	3	2	3	1530	0.106379
0.521886	3	2	3	1530	0.106279
0.521886	3	2	3	1530	0.106179
0.521886	3	2	3	1530	0.106079
0.521886	3	2	3	1530	0.105979
0.521886	3	2	3	1530	0.105879
0.522029	3	1	3	1530	0.111123
0.522243	3	22	3	1530	0.105111
0.522243	3	22	3	1530	0.105011
0.522243	3	22	3	1530	0.104911
0.522386	3	9	3	1530	0.106871
0.522457	3	6	3	1530	0.104446
0.522457	3	6	3	1530	0.104346
0.522457	3	6	3	1530	0.104246
0.522529	3	5	3	1530	0.110518
0.522529	3	5	3	1530	0.110418
0.5226	3	4	3	1530	0.109491
0.5226	3	4	3	1530	0.109391
0.5226	3	4	3	1530	0.109291
0.522743	3	3	3	1530	0.107735
0.522743	3	3	3	1530	0.107635
0.522743	3	3	3	1530	0.107535
0.522743	3	3	3	1530	0.107435
0.522743	3	3	3	1530	0.107335
0.522886	3	2	3	1530	0.106779
0.522886	3	2	3	1530	0.106679
0.522886	3	2	3	1530	0.106579
0.522886	3	2	3	1530	0.106479
0.522886	3	2	3	1530	0.106379
0.523029	3	1	3	1530	0.112023
0.523957	3	19	3	1530	0.108729
0.525029	3	19	3	1530	0.109701
0.526029	3	19	3	1530	0.110601
0.527029	3	19	3	1530	0.111501
0.527029	3	19	3	1530	0.111401
0.527243	3	22	3	1530	0.109811
0.527243	3	22	3	1530	0.109711
0.527314	3	19	3	1530	0.111587
0.527386	3	9	3	1530	0.111771
0.527457	3	6	3	1530	0.109146
0.527457	3	6	3	1530	0.109046
0.527529	3	5	3	1530	0.115318
0.527529	3	5	3	1530	0.115218
0.5276	3	4	3	1530	0.114191
0.5276	3	4	3	1530	0.114091
0.5276	3	4	3	1530	0.113991
0.527743	3	3	3	1530	0.112235
0.527743	3	3	3	1530	0.112135
0.527743	3	3	3	1530	0.112035
0.527743	3	3	3	1530	0.111935
0.527743	3	3	3	1530	0.111835
0.527886	3	2	3	1530	0.111279
0.527886	3	2	3	1530	0.111179
0.527886	3	2	3	1530	0.111079
0.527886	3	2	3	1530	0.110979
0.527886	3	2	3	1530	0.110879
0.528029	3	1	3	1530	0.116923
0.528314	3	19	3	1530	0.112487
0.528386	3	9	3	1530	0.112671
0.528457	3	6	3	1530	0.109946
0.528457	3	6	3	1530	0.109846
0.528457	3	6	3	1530	0.109746
0.528529	3	5	3	1530	0.116118
0.528529	3	5	3	1530	0.116018
0.5286	3	4	3	1530	0.114891
0.5286	3	4	3	1530	0.114791
0.528743	3	3	3	1530	0.112735
0.528743	3	3	3	1530	0.112635
0.528743	3	3	3	1530	0.112535
0.528743	3	3	3	1530	0.112435
0.528743	3	3	3	1530	0.112335
0.528743	3	3	3	1530	0.112235
0.528886	3	2	3	1530	0.111779
0.528886	3	2	3	1530	0.111679
0.528886	3	2	3	1530	0.111579
0.528886	3	2	3	1530	0.111479
0.528886	3	2	3	1530	0.111379
0.529029	3	1	3	1530	0.117823
0.529386	3	9	3	1530	0.113571
0.529457	3	6	3	1530	0.110646
0.529457	3	6	3	1530	0.110546
0.529529	3	5	3	1530	0.116918
0.529529	3	5	3	1530	0.116818
0.5296	3	4	3	1530	0.115691
0.5296	3	4	3	1530	0.115591
0.5296	3	4	3	1530	0.115491
0.529671	3	3	3	1530	0.113064
0.529671	3	3	3	1530	0.112964
0.529814	3	2	3	1530	0.112208
0.529814	3	2	3	1530	0.112108
0.529814	3	2	3	1530	0.112008
0.529814	3	2	3	1530	0.111908
0.529814	3	2	3	1530	0.111808
0.529814	3	2	3	1530	0.111708
0.529957	3	1	3	1530	0.118652
0.530386	3	9	3	1530	0.114471
0.530457	3	6	3	1530	0.111446
0.530457	3	6	3	1530	0.111346
0.530529	3	5	3	1530	0.117718
0.530529	3	5	3	1530	0.117618
0.5306	3	4	3	1530	0.116391
0.5306	3	4	3	1530	0.116291
0.5306	3	4	3	1530	0.116191
0.530743	3	3	3	1530	0.113935
0.530743	3	3	3	1530	0.113835
0.530743	3	3	3	1530	0.113735
0.530743	3	3	3	1530	0.113635
0.530743	3	3	3	1530	0.113535
0.530743	3	3	3	1530	0.113435
0.530886	3	2	3	1530	0.112679
0.530886	3	2	3	1530	0.112579
0.530886	3	2	3	1530	0.112479
0.530886	3	2	3	1530	0.112379
0.530886	3	2	3	1530	0.112279
0.531386	3	9	3	1530	0.115371
0.531457	3	6	3	1530	0.112246
0.531457	3	6	3	1530	0.112146
0.531457	3	6	3	1530	0.112046
0.531529	3	5	3	1530	0.118518
0.531529	3	5	3	1530	0.118418
0.5316	3	4	3	1530	0.117091
0.5316	3	4	3	1530	0.116991
0.531743	3	3	3	1530	0.114335
0.531743	3	3	3	1530	0.114235
0.531743	3	3	3	1530	0.114135
0.531743	3	3	3	1530	0.114035
0.531743	3	3	3	1530	0.113935
0.531886	3	2	3	1530	0.113179
0.531886	3	2	3	1530	0.113079
0.531886	3	2	3	1530	0.112979
0.531886	3	2	3	1530	0.112879
0.531886	3	2	3	1530	0.112779
0.532029	3	1	3	1530	0.120623
0.532386	3	9	3	1530	0.116271
0.532457	3	6	3	1530	0.112946
0.532457	3	6	3	1530	0.112846
0.532529	3	5	3	1530	0.119318
0.5326	3	4	3	1530	0.117891
0.5326	3	4	3	1530	0.117791
0.5326	3	4	3	1530	0.117691
0.532743	3	3	3	1530	0.114835
0.532743	3	3	3	1530	0.114735
0.532743	3	3	3	1530	0.114635
0.532743	3	3	3	1530	0.114535
0.532743	3	3	3	1530	0.114435
0.532886	3	2	3	1530	0.113679
0.532886	3	2	3	1530	0.113579
0.532886	3	2	3	1530	0.113479
0.532886	3	2	3	1530	0.113379
0.532886	3	2	3	1530	0.113279
0.532886	3	2	3	1530	0.113179
0.533029	3	1	3	1530	0.121523
0.534029	3	22	3	1530	0.116397
0.534029	3	22	3	1530	0.116297
0.534029	3	22	3	1530	0.116197
0.534029	3	22	3	1530	0.116097
0.534029	3	22	3	1530	0.115997
0.535029	3	19	3	1530	0.119101
0.535957	3	19	3	1530	0.119929
0.535957	3	19	3	1530	0.119829
0.535957	3	22	3	1530	0.117826
0.535957	3	22	3	1530	0.117726
0.535957	3	22	3	1530	0.117626
0.535957	3	22	3	1530	0.117526
0.535957	3	22	3	1530	0.117426
0.535957	3	22	3	1530	0.117326
0.535957	3	22	3	1530	0.117226
0.537029	3	19	3	1530	0.120801
0.538029	3	19	3	1530	0.121701
0.538029	3	19	3	1530	0.121601
0.538243	3	22	3	1530	0.119411
0.538243	3	22	3	1530	0.119311
0.538243	3	22	3	1530	0.119211
0.538314	3	19	3	1530	0.121787
0.538457	3	6	3	1530	0.118746
0.538457	3	6	3	1530	0.118646
0.538457	3	6	3	1530	0.118546
0.538529	3	5	3	1530	0.125218
0.538529	3	5	3	1530	0.125118
0.538671	3	4	3	1530	0.123663
0.538671	3	4	3	1530	0.123563
0.538671	3	4	3	1530	0.123463
0.538671	3	4	3	1530	0.123363
0.538671	3	4	3	1530	0.123263
0.538814	3	3	3	1530	0.120407
0.538814	3	3	3	1530	0.120307
0.538814	3	3	3	1530	0.120207
0.538814	3	3	3	1530	0.120107
0.538814	3	3	3	1530	0.120007
0.538886	3	2	3	1530	0.119079
0.538886	3	2	3	1530	0.118979
0.539029	3	1	3	1530	0.127423
0.539314	3	19	3	1530	0.122687
0.539386	3	9	3	1530	0.123171
0.539529	3	5	3	1530	0.126018
0.539529	3	5	3	1530	0.125918
0.539529	3	5	3	1530	0.125818
0.539529	3	5	3	1530	0.125718
0.539671	3	4	3	1530	0.124163
0.539671	3	4	3	1530	0.124063
0.539671	3	4	3	1530	0.123963
0.539671	3	4	3	1530	0.123863
0.539671	3	4	3	1530	0.123763
0.539814	3	3	3	1530	0.120907
0.539814	3	3	3	1530	0.120807
0.539814	3	3	3	1530	0.120707
0.539814	3	3	3	1530	0.120607
0.539814	3	3	3	1530	0.120507
0.539814	3	3	3	1530	0.120407
0.539957	3	1	3	1530	0.128252
0.540457	3	9	3	1530	0.124142
0.540457	3	9	3	1530	0.124042
0.5406	3	5	3	1530	0.12669
0.5406	3	5	3	1530	0.12659
0.5406	3	5	3	1530	0.12649
0.5406	3	5	3	1530	0.12639
0.540743	3	4	3	1530	0.124734
0.540743	3	4	3	1530	0.124634
0.540743	3	4	3	1530	0.124534
0.540743	3	4	3	1530	0.124434
0.540743	3	4	3	1530	0.124334
0.540743	3	4	3	1530	0.124234
0.540886	3	3	3	1530	0.121378
0.540886	3	3	3	1530	0.121278
0.540886	3	3	3	1530	0.121178
0.540886	3	3	3	1530	0.121078
0.540886	3	3	3	1530	0.120978
0.541029	3	1	3	1530	0.129223
0.541529	3	9	3	1530	0.125013
0.541529	3	9	3	1530	0.124913
0.541671	3	5	3	1530	0.127361
0.541671	3	5	3	1530	0.127261
0.541671	3	5	3	1530	0.127161
0.541814	3	4	3	1530	0.125205
0.541814	3	4	3	1530	0.125105
0.541814	3	4	3	1530	0.125005
0.541814	3	4	3	1530	0.124905
0.541814	3	4	3	1530	0.124805
0.5426	3	9	3	1530	0.125885
0.5426	3	9	3	1530	0.125785
0.542743	3	5	3	1530	0.128133
0.542743	3	5	3	1530	0.128033
0.542743	3	5	3	1530	0.127933
0.542743	3	5	3	1530	0.127833
0.542886	3	4	3	1530	0.125777
0.542886	3	4	3	1530	0.125677
0.542886	3	4	3	1530	0.125577
0.542886	3	4	3	1530	0.125477
0.542886	3	4	3	1530	0.125377
0.543029	3	1	3	1530	0.131123
0.5436	3	9	3	1530	0.126685
0.5436	3	9	3	1530	0.126585
0.5436	3	9	3	1530	0.126485
0.543743	3	5	3	1530	0.128733
0.543743	3	5	3	1530	0.128633
0.543743	3	5	3	1530	0.128533
0.543743	3	5	3	1530	0.128433
0.543886	3	4	3	1530	0.126277
0.543886	3	4	3	1530	0.126177
0.543886	3	4	3	1530	0.126077
0.543886	3	4	3	1530	0.125977
0.543886	3	4	3	1530	0.125877
0.544029	3	1	3	1530	0.132023
0.545029	3	22	3	1530	0.125897
0.545029	3	22	3	1530	0.125797
0.545957	3	19	3	1530	0.129229
0.545957	3	19	3	1530	0.129129
0.545957	3	22	3	1530	0.126626
0.545957	3	22	3	1530	0.126526
0.545957	3	22	3	1530	0.126426
0.545957	3	22	3	1530	0.126326
0.545957	3	22	3	1530	0.126226
0.545957	3	22	3	1530	0.126126
0.545957	3	22	3	1530	0.126026
0.547029	3	19	3	1530	0.130101
0.547029	3	19	3	1530	0.130001
0.547029	3	19	3	1530	0.129901
0.548029	3	19	3	1530	0.130801
0.548029	3	19	3	1530	0.130701
0.548029	3	19	3	1530	0.130601
0.548029	3	19	3	1530	0.130501
0.548029	3	19	3	1530	0.130401
0.549029	3	19	3	1530	0.131301
0.549029	3	19	3	1530	0.131201
0.549029	3	19	3	1530	0.131101
0.549029	3	19	3	1530	0.131001
0.549029	3	19	3	1530	0.130901
0.549029	3	19	3	1530	0.130801
0.549029	3	19	3	1530	0.130701
0.549029	3	19	3	1530	0.130601
0.549386	3	19	3	1530	0.130858
0.549386	3	19	3	1530	0.130758
0.5496	3	9	3	1530	0.132385
0.5496	3	9	3	1530	0.132285
0.549886	3	4	3	1530	0.131777
0.549886	3	4	3	1530	0.131677
0.549886	3	4	3	1530	0.131577
0.549886	3	4	3	1530	0.131477
0.549886	3	4	3	1530	0.131377
0.549886	3	4	3	1530	0.131277
0.550029	3	1	3	1530	0.137923
0.550386	3	19	3	1530	0.131658
0.550386	3	19	3	1530	0.131558
0.5506	3	9	3	1530	0.133185
0.5506	3	9	3	1530	0.133085
0.5506	3	9	3	1530	0.132985
0.550886	3	4	3	1530	0.132177
0.550886	3	4	3	1530	0.132077
0.550886	3	4	3	1530	0.131977
0.550886	3	4	3	1530	0.131877
0.550886	3	4	3	1530	0.131777
0.551029	3	1	3	1530	0.138823
0.5516	3	9	3	1530	0.133885
0.5516	3	9	3	1530	0.133785
0.5516	3	9	3	1530	0.133685
0.551886	3	4	3	1530	0.132677
0.551886	3	4	3	1530	0.132577
0.551886	3	4	3	1530	0.132477
0.551886	3	4	3	1530	0.132377
0.551886	3	4	3	1530	0.132277
0.552029	3	1	3	1530	0.139723
0.5526	3	9	3	1530	0.134585
0.5526	3	9	3	1530	0.134485
0.5526	3	9	3	1530	0.134385
0.552886	3	4	3	1530	0.133177
0.552886	3	4	3	1530	0.133077
0.552886	3	4	3	1530	0.132977
0.5536	3	9	3	1530	0.135285
0.5536	3	9	3	1530	0.135185
0.553957	3	1	3	1530	0.141552
0.555029	3	5	3	1530	0.139618
0.555029	3	5	3	1530	0.139518
0.555029	3	5	3	1530	0.139418
0.555029	3	5	3	1530	0.139318
0.555029	3	5	3	1530	0.139218
0.555029	3	5	3	1530	0.139118
0.555029	3	5	3	1530	0.139018
0.555029	3	5	3	1530	0.138918
0.555029	3	5	3	1530	0.138818
0.555029	3	5	3	1530	0.138718
0.555029	3	5	3	1530	0.138618
0.555386	3	9	3	1530	0.136871
0.555386	3	9	3	1530	0.136771
0.555386	3	9	3	1530	0.136671
0.555957	3	1	3	1530	0.143452
0.555957	3	1	3	1530	0.143352
0.557029	3	19	3	1530	0.138101
0.557029	3	19	3	1530	0.138001
0.557029	3	19	3	1530	0.137901
0.558029	3	5	3	1530	0.141518
0.558029	3	5	3	1530	0.141418
0.558029	3	5	3	1530	0.141318
0.558029	3	5	3	1530	0.141218
0.558029	3	5	3	1530	0.141118
0.558029	3	5	3	1530	0.141018
0.558029	3	5	3	1530	0.140918
0.558029	3	5	3	1530	0.140818
0.558029	3	5	3	1530	0.140718
0.558029	3	5	3	1530	0.140618
0.558029	3	5	3	1530	0.140518
0.558029	3	5	3	1530	0.140418
0.558029	3	5	3	1530	0.140318
0.558029	3	5	3	1530	0.140218
0.558029	3	5	3	1530	0.140118
0.558029	3	5	3	1530	0.140018
0.558029	3	5	3	1530	0.139918
0.558029	3	5	3	1530	0.139818
0.558029	3	19	3	1530	0.138801
0.558029	3	19	3	1530	0.138701
0.558029	3	19	3	1530	0.138601
0.558029	3	19	3	1530	0.138501
0.559029	3	19	3	1530	0.139401
0.559029	3	19	3	1530	0.139301
0.559029	3	19	3	1530	0.139201
0.559029	3	19	3	1530	0.139101
0.559457	3	9	3	1530	0.140642
0.559457	3	9	3	1530	0.140542
0.559457	3	9	3	1530	0.140442
0.559457	3	9	3	1530	0.140342
0.559743	3	5	3	1530	0.141433
0.559743	3	5	3	1530	0.141333
0.559743	3	5	3	1530	0.141233
0.559743	3	5	3	1530	0.141133
0.559743	3	5	3	1530	0.141033
0.559743	3	5	3	1530	0.140933
0.559743	3	5	3	1530	0.140833
0.560029	3	1	3	1530	0.147323
0.560029	3	1	3	1530	0.147223
0.560457	3	9	3	1530	0.141242
0.560457	3	9	3	1530	0.141142
0.560457	3	9	3	1530	0.141042
0.561029	3	1	3	1530	0.148123
0.561529	3	9	3	1530	0.142013
0.561529	3	9	3	1530	0.141913
0.561529	3	9	3	1530	0.141813
0.561529	3	9	3	1530	0.141713
0.561529	3	9	3	1530	0.141613
0.561957	3	1	3	1530	0.148952
0.561957	3	1	3	1530	0.148852
0.561957	3	1	3	1530	0.148752
0.563029	3	1	3	1530	0.149723
0.563029	3	1	3	1530	0.149623
0.563029	3	1	3	1530	0.149523
0.563029	3	1	3	1530	0.149423
0.563029	3	1	3	1530	0.149323
0.564029	3	1	3	1530	0.150223
0.564029	3	1	3	1530	0.150123
0.564029	3	1	3	1530	0.150023
0.564029	3	1	3	1530	0.149923
0.564029	3	1	3	1530	0.149823
0.564957	3	1	3	1530	0.150652
0.564957	3	1	3	1530	0.150552
0.564957	3	1	3	1530	0.150452
0.564957	3	1	3	1530	0.150352
0.564957	3	1	3	1530	0.150252
0.565957	3	5	3	1530	0.146947
0.565957	3	5	3	1530	0.146847
0.565957	3	5	3	1530	0.146747
0.565957	3	5	3	1530	0.146647
0.565957	3	5	3	1530	0.146547
0.565957	3	5	3	1530	0.146447
0.565957	3	5	3	1530	0.146347
0.565957	3	5	3	1530	0.146247
0.565957	3	5	3	1530	0.146147
0.565957	3	5	3	1530	0.146047
0.567029	3	1	3	1530	0.152223
0.567029	3	1	3	1530	0.152123
0.567029	3	1	3	1530	0.152023
0.567029	3	1	3	1530	0.151923
0.567029	3	1	3	1530	0.151823
0.568029	3	1	3	1530	0.152723
0.568029	3	1	3	1530	0.152623
0.568029	3	1	3	1530	0.152523
0.568029	3	1	3	1530	0.152423
0.568029	3	1	3	1530	0.152323
0.569029	3	1	3	1530	0.153223
0.569029	3	1	3	1530	0.153123
0.569029	3	1	3	1530	0.153023
0.569029	3	1	3	1530	0.152923
0.569029	3	1	3	1530	0.152823
0.570029	3	1	3	1530	0.153723
0.570029	3	1	3	1530	0.153623
0.570029	3	1	3	1530	0.153523
0.570029	3	1	3	1530	0.153423
0.570029	3	1	3	1530	0.153323
0.570957	3	1	3	1530	0.154152
0.570957	3	1	3	1530	0.154052
0.570957	3	1	3	1530	0.153952
0.570957	3	1	3	1530	0.153852
0.572029	3	1	3	1530	0.154823
0.572029	3	1	3	1530	0.154723
0.572029	3	1	3	1530	0.154623
0.572029	3	1	3	1530	0.154523
0.572029	3	1	3	1530	0.154423
0.573029	3	1	3	1530	0.155323
0.573029	3	1	3	1530	0.155223
0.573029	3	1	3	1530	0.155123
0.573029	3	1	3	1530	0.155023
0.573029	3	1	3	1530	0.154923
0.573957	3	1	3	1530	0.155752
0.573957	3	1	3	1530	0.155652
0.573957	3	1	3	1530	0.155552
0.573957	3	1	3	1530	0.155452
0.573957	3	1	3	1530	0.155352
0.574957	3	1	3	1530	0.156252
0.574957	3	1	3	1530	0.156152
0.574957	3	1	3	1530	0.156052
0.574957	3	1	3	1530	0.155952
0.574957	3	1	3	1530	0.155852
0.576029	3	1	3	1530	0.156823
0.576029	3	1	3	1530	0.156723
0.576029	3	1	3	1530	0.156623
0.576029	3	1	3	1530	0.156523
0.576029	3	1	3	1530	0.156423
0.576743	3	1	3	1530	0.157038
0.576743	3	1	3	1530	0.156938
0.576743	3	1	3	1530	0.156838
