% time(s)	cellId	bwpId	IMSI	RNTI	frame	sframe	slot	symStart	numSym	harqId	ndi	rv	mcs	tbSize
0.411	1	0	0	7	41	3	0	1	1	15	1	0	0	114
0.411	1	0	0	6	41	3	0	2	1	15	1	0	0	114
0.411	1	0	0	5	41	3	0	3	2	15	1	0	0	231
0.411	1	0	0	4	41	3	0	5	2	15	1	0	0	231
0.411	1	0	0	3	41	3	0	7	2	15	1	0	0	231
0.411	1	0	0	2	41	3	0	9	2	15	1	0	0	231
0.411	1	0	0	1	41	3	0	11	2	15	1	0	0	231
0.411	3	0	0	22	41	3	0	1	1	15	1	0	0	114
0.411	3	0	0	21	41	3	0	2	1	15	1	0	0	114
0.411	3	0	0	20	41	3	0	3	1	15	1	0	0	114
0.411	3	0	0	19	41	3	0	4	1	15	1	0	0	114
0.411	3	0	0	18	41	3	0	5	1	15	1	0	0	114
0.411	3	0	0	12	41	3	0	6	1	15	1	0	0	114
0.411	3	0	0	11	41	3	0	7	1	15	1	0	0	114
0.411	3	0	0	10	41	3	0	8	1	15	1	0	0	114
0.411	3	0	0	9	41	3	0	9	1	15	1	0	0	114
0.411	3	0	0	8	41	3	0	10	1	15	1	0	0	114
0.411	3	0	0	7	41	3	0	11	1	15	1	0	0	114
0.412	1	0	0	7	41	4	0	1	1	14	1	0	0	114
0.412	1	0	0	6	41	4	0	2	1	14	1	0	0	114
0.412	1	0	0	5	41	4	0	3	2	14	1	0	0	231
0.412	1	0	0	4	41	4	0	5	2	14	1	0	0	231
0.412	1	0	0	3	41	4	0	7	2	14	1	0	0	231
0.412	1	0	0	2	41	4	0	9	2	14	1	0	0	231
0.412	1	0	0	1	41	4	0	11	2	14	1	0	0	231
0.412	3	0	0	22	41	4	0	1	1	14	1	0	0	114
0.412	3	0	0	21	41	4	0	2	1	14	1	0	0	114
0.412	3	0	0	20	41	4	0	3	1	14	1	0	0	114
0.412	3	0	0	19	41	4	0	4	1	14	1	0	0	114
0.412	3	0	0	18	41	4	0	5	1	14	1	0	0	114
0.412	3	0	0	12	41	4	0	6	1	14	1	0	0	114
0.412	3	0	0	11	41	4	0	7	1	14	1	0	0	114
0.412	3	0	0	10	41	4	0	8	1	14	1	0	0	114
0.412	3	0	0	9	41	4	0	9	1	14	1	0	0	114
0.412	3	0	0	8	41	4	0	10	1	14	1	0	0	114
0.412	3	0	0	7	41	4	0	11	1	14	1	0	0	114
0.413	1	0	0	7	41	5	0	1	1	13	1	0	0	114
0.413	1	0	0	6	41	5	0	2	1	13	1	0	0	114
0.413	1	0	0	5	41	5	0	3	1	13	1	0	0	114
0.413	1	0	0	4	41	5	0	4	2	13	1	0	0	231
0.413	1	0	0	3	41	5	0	6	2	13	1	0	0	231
0.413	1	0	0	2	41	5	0	8	2	13	1	0	0	231
0.413	1	0	0	1	41	5	0	10	2	13	1	0	0	231
0.413	3	0	0	22	41	5	0	1	1	13	1	0	0	114
0.413	3	0	0	21	41	5	0	2	1	13	1	0	0	114
0.413	3	0	0	20	41	5	0	3	1	13	1	0	0	114
0.413	3	0	0	19	41	5	0	4	1	13	1	0	0	114
0.413	3	0	0	18	41	5	0	5	1	13	1	0	0	114
0.413	3	0	0	12	41	5	0	6	1	13	1	0	0	114
0.413	3	0	0	11	41	5	0	7	1	13	1	0	0	114
0.413	3	0	0	10	41	5	0	8	1	13	1	0	0	114
0.413	3	0	0	9	41	5	0	9	1	13	1	0	0	114
0.413	3	0	0	8	41	5	0	10	1	13	1	0	0	114
0.413	3	0	0	7	41	5	0	11	1	13	1	0	0	114
0.413	3	0	0	6	41	5	0	12	1	15	1	0	0	114
0.414	1	0	0	7	41	6	0	1	1	12	1	0	0	114
0.414	1	0	0	6	41	6	0	2	1	12	1	0	0	114
0.414	1	0	0	5	41	6	0	3	2	12	1	0	0	231
0.414	1	0	0	4	41	6	0	5	2	12	1	0	0	231
0.414	1	0	0	3	41	6	0	7	2	12	1	0	0	231
0.414	1	0	0	2	41	6	0	9	2	12	1	0	0	231
0.414	1	0	0	1	41	6	0	11	2	12	1	0	0	231
0.414	3	0	0	22	41	6	0	1	1	12	1	0	0	114
0.414	3	0	0	21	41	6	0	2	1	12	1	0	0	114
0.414	3	0	0	20	41	6	0	3	1	12	1	0	0	114
0.414	3	0	0	19	41	6	0	4	1	12	1	0	0	114
0.414	3	0	0	18	41	6	0	5	1	12	1	0	0	114
0.414	3	0	0	12	41	6	0	6	1	12	1	0	0	114
0.414	3	0	0	11	41	6	0	7	1	12	1	0	0	114
0.414	3	0	0	10	41	6	0	8	1	12	1	0	0	114
0.414	3	0	0	9	41	6	0	9	1	12	1	0	0	114
0.414	3	0	0	8	41	6	0	10	1	12	1	0	0	114
0.414	3	0	0	7	41	6	0	11	1	12	1	0	0	114
0.414	3	0	0	6	41	6	0	12	1	14	1	0	0	114
0.415	1	0	0	7	41	7	0	1	1	11	1	0	0	114
0.415	1	0	0	6	41	7	0	2	1	11	1	0	0	114
0.415	1	0	0	5	41	7	0	3	2	11	1	0	0	231
0.415	1	0	0	4	41	7	0	5	2	11	1	0	0	231
0.415	1	0	0	3	41	7	0	7	2	11	1	0	0	231
0.415	1	0	0	2	41	7	0	9	2	11	1	0	0	231
0.415	1	0	0	1	41	7	0	11	2	11	1	0	0	231
0.415	3	0	0	22	41	7	0	1	1	11	1	0	0	114
0.415	3	0	0	21	41	7	0	2	1	11	1	0	0	114
0.415	3	0	0	20	41	7	0	3	1	11	1	0	0	114
0.415	3	0	0	19	41	7	0	4	1	11	1	0	0	114
0.415	3	0	0	18	41	7	0	5	1	11	1	0	0	114
0.415	3	0	0	12	41	7	0	6	1	11	1	0	0	114
0.415	3	0	0	11	41	7	0	7	1	11	1	0	0	114
0.415	3	0	0	10	41	7	0	8	1	11	1	0	0	114
0.415	3	0	0	9	41	7	0	9	1	11	1	0	0	114
0.415	3	0	0	8	41	7	0	10	1	11	1	0	0	114
0.415	3	0	0	7	41	7	0	11	1	11	1	0	0	114
0.415	3	0	0	6	41	7	0	12	1	13	1	0	0	114
0.416	1	0	0	7	41	8	0	1	1	15	1	0	0	114
0.416	1	0	0	6	41	8	0	2	1	10	1	0	0	114
0.416	1	0	0	5	41	8	0	3	2	15	1	0	0	231
0.416	1	0	0	4	41	8	0	5	2	15	1	0	0	231
0.416	1	0	0	3	41	8	0	7	2	15	1	0	0	231
0.416	1	0	0	2	41	8	0	9	2	15	1	0	0	231
0.416	1	0	0	1	41	8	0	11	2	15	1	0	0	231
0.416	3	0	0	22	41	8	0	1	1	15	1	0	0	114
0.416	3	0	0	21	41	8	0	2	1	15	1	0	0	114
0.416	3	0	0	20	41	8	0	3	1	15	1	0	0	114
0.416	3	0	0	19	41	8	0	4	1	15	1	0	0	114
0.416	3	0	0	18	41	8	0	5	1	15	1	0	0	114
0.416	3	0	0	12	41	8	0	6	1	15	1	0	0	114
0.416	3	0	0	11	41	8	0	7	1	15	1	0	0	114
0.416	3	0	0	10	41	8	0	8	1	15	1	0	0	114
0.416	3	0	0	9	41	8	0	9	1	15	1	0	0	114
0.416	3	0	0	8	41	8	0	10	1	15	1	0	0	114
0.416	3	0	0	7	41	8	0	11	1	15	1	0	0	114
0.416	3	0	0	6	41	8	0	12	1	12	1	0	0	114
0.417	1	0	0	7	41	9	0	1	1	14	1	0	14	1404
0.417	1	0	0	6	41	9	0	2	1	15	1	0	28	4030
0.417	1	0	0	5	41	9	0	3	2	14	1	0	18	3942
0.417	1	0	0	4	41	9	0	5	2	14	1	0	28	8060
0.417	1	0	0	3	41	9	0	7	2	14	1	0	28	8060
0.417	1	0	0	2	41	9	0	9	2	14	1	0	28	8060
0.417	1	0	0	1	41	9	0	11	2	14	1	0	20	4818
0.417	3	0	0	22	41	9	0	1	1	14	1	0	2	158
0.417	3	0	0	21	41	9	0	2	1	14	1	0	28	4030
0.417	3	0	0	20	41	9	0	3	1	14	1	0	28	4030
0.417	3	0	0	19	41	9	0	4	1	14	1	0	10	876
0.417	3	0	0	18	41	9	0	5	1	14	1	0	28	4030
0.417	3	0	0	12	41	9	0	6	1	14	1	0	28	4030
0.417	3	0	0	11	41	9	0	7	1	14	1	0	22	2849
0.417	3	0	0	10	41	9	0	8	1	14	1	0	28	4030
0.417	3	0	0	9	41	9	0	9	1	14	1	0	14	1404
0.417	3	0	0	8	41	9	0	10	1	14	1	0	26	3725
0.417	3	0	0	7	41	9	0	11	1	14	1	0	28	4030
0.417	3	0	0	6	41	9	0	12	1	11	1	0	0	114
0.418	1	0	0	7	42	0	0	1	1	13	1	0	14	1404
0.418	1	0	0	6	42	0	0	2	1	14	1	0	28	4030
0.418	1	0	0	5	42	0	0	3	2	13	1	0	18	3942
0.418	1	0	0	4	42	0	0	5	2	13	1	0	28	8060
0.418	1	0	0	3	42	0	0	7	2	13	1	0	26	7448
0.418	1	0	0	2	42	0	0	9	2	13	1	0	28	8060
0.418	1	0	0	1	42	0	0	11	2	13	1	0	20	4818
0.418	3	0	0	22	42	0	0	1	1	13	1	0	0	114
0.418	3	0	0	21	42	0	0	2	1	13	1	0	28	4030
0.418	3	0	0	20	42	0	0	3	1	13	1	0	28	4030
0.418	3	0	0	19	42	0	0	4	1	13	1	0	12	1081
0.418	3	0	0	18	42	0	0	5	1	13	1	0	28	4030
0.418	3	0	0	12	42	0	0	6	1	13	1	0	28	4030
0.418	3	0	0	11	42	0	0	7	1	13	1	0	22	2849
0.418	3	0	0	10	42	0	0	8	1	13	1	0	28	4030
0.418	3	0	0	9	42	0	0	9	1	13	1	0	16	1752
0.418	3	0	0	8	42	0	0	10	1	13	1	0	26	3725
0.418	3	0	0	7	42	0	0	11	1	13	1	0	28	4030
0.418	3	0	0	6	42	0	0	12	1	15	1	0	0	114
0.419	1	0	0	7	42	1	0	1	1	12	1	0	14	1404
0.419	1	0	0	6	42	1	0	2	1	13	1	0	28	4030
0.419	1	0	0	5	42	1	0	3	2	12	1	0	18	3942
0.419	1	0	0	4	42	1	0	5	2	12	1	0	28	8060
0.419	1	0	0	3	42	1	0	7	2	12	1	0	28	8060
0.419	1	0	0	2	42	1	0	9	2	12	1	0	28	8060
0.419	1	0	0	1	42	1	0	11	2	12	1	0	20	4818
0.419	3	0	0	22	42	1	0	1	1	12	1	0	2	158
0.419	3	0	0	21	42	1	0	2	1	12	1	0	28	4030
0.419	3	0	0	20	42	1	0	3	1	12	1	0	28	4030
0.419	3	0	0	19	42	1	0	4	1	12	1	0	12	1081
0.419	3	0	0	18	42	1	0	5	1	12	1	0	28	4030
0.419	3	0	0	12	42	1	0	6	1	12	1	0	28	4030
0.419	3	0	0	11	42	1	0	7	1	12	1	0	22	2849
0.419	3	0	0	10	42	1	0	8	1	12	1	0	28	4030
0.419	3	0	0	9	42	1	0	9	1	12	1	0	16	1752
0.419	3	0	0	8	42	1	0	10	1	12	1	0	26	3725
0.419	3	0	0	7	42	1	0	11	1	12	1	0	28	4030
0.42	1	0	0	7	42	2	0	1	1	11	1	0	14	1404
0.42	1	0	0	6	42	2	0	2	1	12	1	0	28	4030
0.42	1	0	0	5	42	2	0	3	2	11	1	0	18	3942
0.42	1	0	0	4	42	2	0	5	2	11	1	0	28	8060
0.42	1	0	0	3	42	2	0	7	2	11	1	0	28	8060
0.42	1	0	0	2	42	2	0	9	2	11	1	0	28	8060
0.42	1	0	0	1	42	2	0	11	2	11	1	0	20	4818
0.42	3	0	0	22	42	2	0	1	1	11	1	0	2	158
0.42	3	0	0	21	42	2	0	2	1	11	1	0	28	4030
0.42	3	0	0	20	42	2	0	3	1	11	1	0	28	4030
0.42	3	0	0	19	42	2	0	4	1	11	1	0	12	1081
0.42	3	0	0	18	42	2	0	5	1	11	1	0	28	4030
0.42	3	0	0	12	42	2	0	6	1	11	1	0	28	4030
0.42	3	0	0	11	42	2	0	7	1	11	1	0	22	2849
0.42	3	0	0	10	42	2	0	8	1	11	1	0	28	4030
0.42	3	0	0	9	42	2	0	9	1	11	1	0	16	1752
0.42	3	0	0	8	42	2	0	10	1	11	1	0	26	3725
0.42	3	0	0	7	42	2	0	11	1	11	1	0	28	4030
0.42	3	0	0	6	42	2	0	12	1	14	1	0	6	436
0.421	1	0	0	7	42	3	0	1	1	15	1	0	14	1404
0.421	1	0	0	6	42	3	0	2	1	11	1	0	28	4030
0.421	1	0	0	5	42	3	0	3	2	15	1	0	18	3942
0.421	1	0	0	4	42	3	0	5	2	15	1	0	28	8060
0.421	1	0	0	3	42	3	0	7	2	15	1	0	28	8060
0.421	1	0	0	2	42	3	0	9	2	15	1	0	28	8060
0.421	1	0	0	1	42	3	0	11	2	15	1	0	20	4818
0.421	3	0	0	22	42	3	0	1	1	15	1	0	2	158
0.421	3	0	0	21	42	3	0	2	1	15	1	0	28	4030
0.421	3	0	0	20	42	3	0	3	1	15	1	0	28	4030
0.421	3	0	0	19	42	3	0	4	1	15	1	0	12	1081
0.421	3	0	0	18	42	3	0	5	1	15	1	0	28	4030
0.421	3	0	0	12	42	3	0	6	1	15	1	0	28	4030
0.421	3	0	0	11	42	3	0	7	1	15	1	0	22	2849
0.421	3	0	0	10	42	3	0	8	1	15	1	0	28	4030
0.421	3	0	0	9	42	3	0	9	1	15	1	0	16	1752
0.421	3	0	0	8	42	3	0	10	1	15	1	0	26	3725
0.421	3	0	0	7	42	3	0	11	1	15	1	0	28	4030
0.421	3	0	0	6	42	3	0	12	1	13	1	0	6	436
0.422	1	0	0	7	42	4	0	1	1	14	1	0	14	1404
0.422	1	0	0	6	42	4	0	2	1	15	1	0	28	4030
0.422	1	0	0	5	42	4	0	3	2	14	1	0	18	3942
0.422	1	0	0	4	42	4	0	5	2	14	1	0	28	8060
0.422	1	0	0	3	42	4	0	7	2	14	1	0	28	8060
0.422	1	0	0	2	42	4	0	9	2	14	1	0	28	8060
0.422	1	0	0	1	42	4	0	11	2	14	1	0	20	4818
0.422	3	0	0	22	42	4	0	1	1	14	1	0	2	158
0.422	3	0	0	21	42	4	0	2	1	14	1	0	28	4030
0.422	3	0	0	20	42	4	0	3	1	14	1	0	28	4030
0.422	3	0	0	19	42	4	0	4	1	14	1	0	12	1081
0.422	3	0	0	18	42	4	0	5	1	14	1	0	28	4030
0.422	3	0	0	12	42	4	0	6	1	14	1	0	28	4030
0.422	3	0	0	11	42	4	0	7	1	14	1	0	22	2849
0.422	3	0	0	10	42	4	0	8	1	14	1	0	28	4030
0.422	3	0	0	9	42	4	0	9	1	14	1	0	16	1752
0.422	3	0	0	8	42	4	0	10	1	14	1	0	26	3725
0.422	3	0	0	7	42	4	0	11	1	14	1	0	28	4030
0.422	3	0	0	6	42	4	0	12	1	12	1	0	6	436
0.423	1	0	0	7	42	5	0	1	1	13	1	0	12	1081
0.423	1	0	0	6	42	5	0	2	1	14	1	0	28	4030
0.423	1	0	0	5	42	5	0	3	1	13	1	0	18	1972
0.423	1	0	0	4	42	5	0	4	2	13	1	0	28	8060
0.423	1	0	0	3	42	5	0	6	2	13	1	0	28	8060
0.423	1	0	0	2	42	5	0	8	2	13	1	0	28	8060
0.423	1	0	0	1	42	5	0	10	2	13	1	0	20	4818
0.423	3	0	0	22	42	5	0	1	1	13	1	0	2	158
0.423	3	0	0	21	42	5	0	2	1	13	1	0	28	4030
0.423	3	0	0	20	42	5	0	3	1	13	1	0	28	4030
0.423	3	0	0	19	42	5	0	4	1	13	1	0	12	1081
0.423	3	0	0	18	42	5	0	5	1	13	1	0	28	4030
0.423	3	0	0	12	42	5	0	6	1	13	1	0	28	4030
0.423	3	0	0	11	42	5	0	7	1	13	1	0	24	3285
0.423	3	0	0	10	42	5	0	8	1	13	1	0	28	4030
0.423	3	0	0	9	42	5	0	9	1	13	1	0	16	1752
0.423	3	0	0	8	42	5	0	10	1	13	1	0	26	3725
0.423	3	0	0	7	42	5	0	11	1	13	1	0	28	4030
0.423	3	0	0	6	42	5	0	12	1	15	1	0	6	436
0.424	1	0	0	7	42	6	0	1	1	12	1	0	14	1404
0.424	1	0	0	6	42	6	0	2	1	13	1	0	28	4030
0.424	1	0	0	5	42	6	0	3	2	12	1	0	18	3942
0.424	1	0	0	4	42	6	0	5	2	12	1	0	28	8060
0.424	1	0	0	3	42	6	0	7	2	12	1	0	28	8060
0.424	1	0	0	2	42	6	0	9	2	12	1	0	28	8060
0.424	1	0	0	1	42	6	0	11	2	12	1	0	20	4818
0.424	3	0	0	22	42	6	0	1	1	12	1	0	2	158
0.424	3	0	0	21	42	6	0	2	1	12	1	0	28	4030
0.424	3	0	0	20	42	6	0	3	1	12	1	0	28	4030
0.424	3	0	0	19	42	6	0	4	1	12	1	0	12	1081
0.424	3	0	0	18	42	6	0	5	1	12	1	0	28	4030
0.424	3	0	0	12	42	6	0	6	1	12	1	0	28	4030
0.424	3	0	0	11	42	6	0	7	1	12	1	0	24	3285
0.424	3	0	0	10	42	6	0	8	1	12	1	0	28	4030
0.424	3	0	0	9	42	6	0	9	1	12	1	0	16	1752
0.424	3	0	0	8	42	6	0	10	1	12	1	0	26	3725
0.424	3	0	0	7	42	6	0	11	1	12	1	0	28	4030
0.425	1	0	0	7	42	7	0	1	1	11	1	0	14	1404
0.425	1	0	0	6	42	7	0	2	1	12	1	0	28	4030
0.425	1	0	0	5	42	7	0	3	2	11	1	0	18	3942
0.425	1	0	0	4	42	7	0	5	2	11	1	0	28	8060
0.425	1	0	0	3	42	7	0	7	2	11	1	0	28	8060
0.425	1	0	0	2	42	7	0	9	2	11	1	0	28	8060
0.425	1	0	0	1	42	7	0	11	2	11	1	0	20	4818
0.425	3	0	0	22	42	7	0	1	1	11	1	0	2	158
0.425	3	0	0	21	42	7	0	2	1	11	1	0	28	4030
0.425	3	0	0	20	42	7	0	3	1	11	1	0	28	4030
0.425	3	0	0	19	42	7	0	4	1	11	1	0	12	1081
0.425	3	0	0	18	42	7	0	5	1	11	1	0	28	4030
0.425	3	0	0	12	42	7	0	6	1	11	1	0	28	4030
0.425	3	0	0	11	42	7	0	7	1	11	1	0	24	3285
0.425	3	0	0	10	42	7	0	8	1	11	1	0	28	4030
0.425	3	0	0	9	42	7	0	9	1	11	1	0	16	1752
0.425	3	0	0	8	42	7	0	10	1	11	1	0	26	3725
0.425	3	0	0	7	42	7	0	11	1	11	1	0	28	4030
0.425	3	0	0	6	42	7	0	12	1	14	1	0	6	436
0.426	1	0	0	7	42	8	0	1	1	15	1	0	14	1404
0.426	1	0	0	6	42	8	0	2	1	11	1	0	28	4030
0.426	1	0	0	5	42	8	0	3	2	15	1	0	18	3942
0.426	1	0	0	4	42	8	0	5	2	15	1	0	28	8060
0.426	1	0	0	3	42	8	0	7	2	15	1	0	28	8060
0.426	1	0	0	2	42	8	0	9	2	15	1	0	28	8060
0.426	1	0	0	1	42	8	0	11	2	15	1	0	20	4818
0.426	3	0	0	22	42	8	0	1	1	15	1	0	2	158
0.426	3	0	0	21	42	8	0	2	1	15	1	0	28	4030
0.426	3	0	0	20	42	8	0	3	1	15	1	0	28	4030
0.426	3	0	0	19	42	8	0	4	1	15	1	0	12	1081
0.426	3	0	0	18	42	8	0	5	1	15	1	0	28	4030
0.426	3	0	0	12	42	8	0	6	1	15	1	0	28	4030
0.426	3	0	0	11	42	8	0	7	1	15	1	0	24	3285
0.426	3	0	0	10	42	8	0	8	1	15	1	0	28	4030
0.426	3	0	0	9	42	8	0	9	1	15	1	0	16	1752
0.426	3	0	0	8	42	8	0	10	1	15	1	0	26	3725
0.426	3	0	0	7	42	8	0	11	1	15	1	0	28	4030
0.426	3	0	0	6	42	8	0	12	1	13	1	0	6	436
0.427	1	0	0	7	42	9	0	1	1	14	1	0	14	1404
0.427	1	0	0	6	42	9	0	2	1	15	1	0	28	4030
0.427	1	0	0	5	42	9	0	3	2	14	1	0	18	3942
0.427	1	0	0	4	42	9	0	5	2	14	1	0	28	8060
0.427	1	0	0	3	42	9	0	7	2	14	1	0	28	8060
0.427	1	0	0	2	42	9	0	9	2	14	1	0	28	8060
0.427	1	0	0	1	42	9	0	11	2	14	1	0	20	4818
0.428	1	0	0	7	43	0	0	1	1	13	1	0	14	1404
0.428	1	0	0	6	43	0	0	2	1	14	1	0	28	4030
0.428	1	0	0	5	43	0	0	3	2	13	1	0	18	3942
0.428	1	0	0	4	43	0	0	5	2	13	1	0	28	8060
0.428	1	0	0	3	43	0	0	7	2	13	1	0	28	8060
0.428	1	0	0	2	43	0	0	9	2	13	1	0	28	8060
0.428	1	0	0	1	43	0	0	11	2	13	1	0	20	4818
0.429	1	0	0	7	43	1	0	1	1	12	1	0	12	1081
0.429	1	0	0	6	43	1	0	2	1	13	1	0	28	4030
0.429	1	0	0	5	43	1	0	3	2	12	1	0	18	3942
0.429	1	0	0	4	43	1	0	5	2	12	1	0	28	8060
0.429	1	0	0	3	43	1	0	7	2	12	1	0	28	8060
0.429	1	0	0	2	43	1	0	9	2	12	1	0	28	8060
0.429	1	0	0	1	43	1	0	11	2	12	1	0	20	4818
0.431	1	0	0	7	43	3	0	1	1	15	1	0	12	1081
0.431	1	0	0	6	43	3	0	2	1	12	1	0	28	4030
0.431	1	0	0	5	43	3	0	3	2	15	1	0	18	3942
0.431	1	0	0	4	43	3	0	5	2	15	1	0	28	8060
0.431	1	0	0	3	43	3	0	7	2	15	1	0	28	8060
0.431	1	0	0	2	43	3	0	9	2	15	1	0	28	8060
0.431	1	0	0	1	43	3	0	11	2	15	1	0	20	4818
0.432	1	0	0	7	43	4	0	1	1	14	1	0	12	1081
0.432	1	0	0	6	43	4	0	2	1	15	1	0	28	4030
0.432	1	0	0	5	43	4	0	3	1	14	1	0	18	1972
0.432	1	0	0	4	43	4	0	4	2	14	1	0	28	8060
0.432	1	0	0	3	43	4	0	6	2	14	1	0	28	8060
0.432	1	0	0	2	43	4	0	8	2	14	1	0	28	8060
0.432	1	0	0	1	43	4	0	10	2	14	1	0	20	4818
0.432	3	0	0	22	43	4	0	1	1	15	1	0	2	158
0.432	3	0	0	21	43	4	0	2	1	15	1	0	28	4030
0.432	3	0	0	20	43	4	0	3	1	15	1	0	28	4030
0.432	3	0	0	19	43	4	0	4	1	14	1	0	8	641
0.432	3	0	0	18	43	4	0	5	1	15	1	0	28	4030
0.432	3	0	0	12	43	4	0	6	1	15	1	0	28	4030
0.432	3	0	0	11	43	4	0	7	1	14	1	0	22	2849
0.432	3	0	0	10	43	4	0	8	1	15	1	0	28	4030
0.432	3	0	0	9	43	4	0	9	1	15	1	0	16	1752
0.432	3	0	0	8	43	4	0	10	1	15	1	0	26	3725
0.432	3	0	0	7	43	4	0	11	1	15	1	0	28	4030
0.432	3	0	0	6	43	4	0	12	1	15	1	0	6	436
0.433	1	0	0	7	43	5	0	1	1	13	1	0	14	1404
0.433	1	0	0	6	43	5	0	2	1	14	1	0	28	4030
0.433	1	0	0	5	43	5	0	3	2	13	1	0	18	3942
0.433	1	0	0	4	43	5	0	5	2	13	1	0	28	8060
0.433	1	0	0	3	43	5	0	7	2	13	1	0	28	8060
0.433	1	0	0	2	43	5	0	9	2	13	1	0	28	8060
0.433	1	0	0	1	43	5	0	11	2	13	1	0	22	5695
0.433	3	0	0	22	43	5	0	1	1	14	1	0	2	158
0.433	3	0	0	21	43	5	0	2	1	14	1	0	28	4030
0.433	3	0	0	20	43	5	0	3	1	14	1	0	28	4030
0.433	3	0	0	19	43	5	0	4	1	13	1	0	16	1752
0.433	3	0	0	18	43	5	0	5	1	14	1	0	28	4030
0.433	3	0	0	12	43	5	0	6	1	14	1	0	28	4030
0.433	3	0	0	11	43	5	0	7	1	13	1	0	22	2849
0.433	3	0	0	10	43	5	0	8	1	14	1	0	28	4030
0.433	3	0	0	9	43	5	0	9	1	14	1	0	16	1752
0.433	3	0	0	8	43	5	0	10	1	14	1	0	26	3725
0.433	3	0	0	7	43	5	0	11	1	14	1	0	28	4030
0.434	1	0	0	7	43	6	0	1	1	12	1	0	14	1404
0.434	1	0	0	6	43	6	0	2	1	13	1	0	28	4030
0.434	1	0	0	5	43	6	0	3	1	12	1	0	18	1972
0.434	1	0	0	4	43	6	0	4	2	12	1	0	28	8060
0.434	1	0	0	3	43	6	0	6	2	12	1	0	28	8060
0.434	1	0	0	2	43	6	0	8	2	12	1	0	28	8060
0.434	1	0	0	1	43	6	0	10	2	12	1	0	20	4818
0.434	3	0	0	22	43	6	0	1	1	13	1	0	2	158
0.434	3	0	0	21	43	6	0	2	1	13	1	0	28	4030
0.434	3	0	0	20	43	6	0	3	1	13	1	0	28	4030
0.434	3	0	0	19	43	6	0	4	1	12	1	0	16	1752
0.434	3	0	0	18	43	6	0	5	1	13	1	0	28	4030
0.434	3	0	0	12	43	6	0	6	1	13	1	0	28	4030
0.434	3	0	0	11	43	6	0	7	1	12	1	0	22	2849
0.434	3	0	0	10	43	6	0	8	1	13	1	0	28	4030
0.434	3	0	0	9	43	6	0	9	1	13	1	0	16	1752
0.434	3	0	0	8	43	6	0	10	1	13	1	0	26	3725
0.434	3	0	0	7	43	6	0	11	1	13	1	0	28	4030
0.434	3	0	0	6	43	6	0	12	1	14	1	0	6	436
0.435	1	0	0	7	43	7	0	1	1	11	1	0	16	1752
0.435	1	0	0	6	43	7	0	2	1	11	1	0	28	4030
0.435	1	0	0	5	43	7	0	3	2	11	1	0	18	3942
0.435	1	0	0	4	43	7	0	5	2	11	1	0	28	8060
0.435	1	0	0	3	43	7	0	7	2	11	1	0	28	8060
0.435	1	0	0	2	43	7	0	9	2	11	1	0	28	8060
0.435	1	0	0	1	43	7	0	11	2	11	1	0	22	5695
0.435	3	0	0	22	43	7	0	1	1	12	1	0	2	158
0.435	3	0	0	21	43	7	0	2	1	12	1	0	28	4030
0.435	3	0	0	20	43	7	0	3	1	12	1	0	28	4030
0.435	3	0	0	19	43	7	0	4	1	11	1	0	18	1972
0.435	3	0	0	18	43	7	0	5	1	12	1	0	28	4030
0.435	3	0	0	12	43	7	0	6	1	12	1	0	28	4030
0.435	3	0	0	11	43	7	0	7	1	11	1	0	28	4030
0.435	3	0	0	10	43	7	0	8	1	12	1	0	28	4030
0.435	3	0	0	9	43	7	0	9	1	12	1	0	16	1752
0.435	3	0	0	8	43	7	0	10	1	12	1	0	26	3725
0.435	3	0	0	7	43	7	0	11	1	12	1	0	28	4030
0.435	3	0	0	6	43	7	0	12	1	13	1	0	6	436
0.436	1	0	0	7	43	8	0	1	1	15	1	0	26	3725
0.436	1	0	0	6	43	8	0	2	1	12	1	0	28	4030
0.436	1	0	0	5	43	8	0	3	1	15	1	0	18	1972
0.436	1	0	0	4	43	8	0	4	2	15	1	0	28	8060
0.436	1	0	0	3	43	8	0	6	2	15	1	0	28	8060
0.436	1	0	0	2	43	8	0	8	2	15	1	0	28	8060
0.436	1	0	0	1	43	8	0	10	2	15	1	0	22	5695
0.436	3	0	0	22	43	8	0	1	1	11	1	0	2	158
0.436	3	0	0	21	43	8	0	2	1	11	1	0	28	4030
0.436	3	0	0	20	43	8	0	3	1	11	1	0	28	4030
0.436	3	0	0	19	43	8	0	4	1	15	1	0	14	1404
0.436	3	0	0	18	43	8	0	5	1	11	1	0	28	4030
0.436	3	0	0	12	43	8	0	6	1	11	1	0	28	4030
0.436	3	0	0	11	43	8	0	7	1	15	1	0	16	1752
0.436	3	0	0	10	43	8	0	8	1	11	1	0	28	4030
0.436	3	0	0	9	43	8	0	9	1	11	1	0	16	1752
0.436	3	0	0	8	43	8	0	10	1	11	1	0	26	3725
0.436	3	0	0	7	43	8	0	11	1	11	1	0	28	4030
0.436	3	0	0	6	43	8	0	12	1	12	1	0	6	436
0.437	1	0	0	7	43	9	0	1	3	14	1	0	14	4206
0.437	1	0	0	6	43	9	0	4	3	15	1	0	28	12091
0.437	1	0	0	5	43	9	0	7	3	14	1	0	18	5915
0.437	1	0	0	1	43	9	0	10	3	14	1	0	22	8541
0.439	1	0	0	7	44	1	0	1	3	13	1	0	14	4206
0.439	1	0	0	6	44	1	0	4	3	14	1	0	28	12091
0.439	1	0	0	5	44	1	0	7	3	13	1	0	18	5915
0.439	1	0	0	1	44	1	0	10	3	12	1	0	20	7228
0.442	3	0	0	22	44	4	0	1	1	15	1	0	2	158
0.442	3	0	0	21	44	4	0	2	1	15	1	0	28	4030
0.442	3	0	0	20	44	4	0	3	1	15	1	0	28	4030
0.442	3	0	0	19	44	4	0	4	1	14	1	0	10	876
0.442	3	0	0	18	44	4	0	5	1	15	1	0	28	4030
0.442	3	0	0	12	44	4	0	6	1	15	1	0	28	4030
0.442	3	0	0	11	44	4	0	7	1	15	1	0	22	2849
0.442	3	0	0	10	44	4	0	8	1	15	1	0	26	3725
0.442	3	0	0	9	44	4	0	9	1	15	1	0	14	1404
0.442	3	0	0	8	44	4	0	10	1	15	1	0	26	3725
0.442	3	0	0	7	44	4	0	11	1	15	1	0	28	4030
0.442	3	0	0	6	44	4	0	12	1	15	1	0	26	3725
0.443	1	0	0	7	44	5	0	1	3	14	1	0	14	4206
0.443	1	0	0	6	44	5	0	4	3	15	1	0	28	12091
0.443	1	0	0	5	44	5	0	7	3	15	1	0	18	5915
0.443	1	0	0	1	44	5	0	10	3	13	1	0	20	7228
0.444	1	0	0	7	44	6	0	1	3	13	1	0	14	4206
0.444	1	0	0	6	44	6	0	4	3	14	1	0	28	12091
0.444	1	0	0	5	44	6	0	7	3	14	1	0	18	5915
0.444	1	0	0	1	44	6	0	10	3	12	1	0	28	12091
0.445	1	0	0	7	44	7	0	1	3	12	1	0	14	4206
0.445	1	0	0	6	44	7	0	4	3	13	1	0	28	12091
0.445	1	0	0	5	44	7	0	7	3	13	1	0	18	5915
0.445	1	0	0	1	44	7	0	10	3	11	1	0	20	7228
0.446	1	0	0	7	44	8	0	1	3	15	1	0	22	8541
0.446	1	0	0	6	44	8	0	4	3	12	1	0	28	12091
0.446	1	0	0	5	44	8	0	7	3	12	1	0	18	5915
0.446	1	0	0	1	44	8	0	10	3	15	1	0	26	11170
0.446	3	0	0	22	44	8	0	1	1	14	1	0	2	158
0.446	3	0	0	21	44	8	0	2	1	14	1	0	28	4030
0.446	3	0	0	20	44	8	0	3	1	14	1	0	28	4030
0.446	3	0	0	19	44	8	0	4	1	15	1	0	12	1081
0.446	3	0	0	18	44	8	0	5	1	14	1	0	28	4030
0.446	3	0	0	12	44	8	0	6	1	14	1	0	28	4030
0.446	3	0	0	11	44	8	0	7	1	14	1	0	14	1404
0.446	3	0	0	10	44	8	0	8	1	14	1	0	28	4030
0.446	3	0	0	9	44	8	0	9	1	14	1	0	20	2409
0.446	3	0	0	8	44	8	0	10	1	14	1	0	26	3725
0.446	3	0	0	7	44	8	0	11	1	14	1	0	28	4030
0.446	3	0	0	6	44	8	0	12	1	14	1	0	26	3725
0.447	1	0	0	7	44	9	0	1	5	11	1	0	22	14237
0.447	1	0	0	6	44	9	0	6	1	11	1	0	28	4030
0.447	1	0	0	5	44	9	0	7	4	11	1	0	18	7885
0.447	1	0	0	1	44	9	0	11	2	14	1	0	26	7448
0.448	1	0	0	7	45	0	0	1	6	14	1	0	22	17083
0.448	1	0	0	5	45	0	0	7	6	15	1	0	18	11827
0.448	3	0	0	22	45	0	0	1	1	15	1	0	20	2409
0.448	3	0	0	21	45	0	0	2	1	15	1	0	28	4030
0.448	3	0	0	20	45	0	0	3	1	15	1	0	28	4030
0.448	3	0	0	19	45	0	0	4	1	14	1	0	10	876
0.448	3	0	0	18	45	0	0	5	1	15	1	0	28	4030
0.448	3	0	0	12	45	0	0	6	1	15	1	0	28	4030
0.448	3	0	0	11	45	0	0	7	1	15	1	0	22	2849
0.448	3	0	0	10	45	0	0	8	1	15	1	0	26	3725
0.448	3	0	0	9	45	0	0	9	1	15	1	0	14	1404
0.448	3	0	0	8	45	0	0	10	1	15	1	0	26	3725
0.448	3	0	0	7	45	0	0	11	1	15	1	0	28	4030
0.448	3	0	0	6	45	0	0	12	1	13	1	0	20	2409
0.449	3	0	0	22	45	1	0	1	1	13	1	0	20	2409
0.449	3	0	0	21	45	1	0	2	1	13	1	0	28	4030
0.449	3	0	0	20	45	1	0	3	1	13	1	0	28	4030
0.449	3	0	0	19	45	1	0	4	1	13	1	0	22	2849
0.449	3	0	0	18	45	1	0	5	1	13	1	0	28	4030
0.449	3	0	0	12	45	1	0	6	1	13	1	0	28	4030
0.449	3	0	0	11	45	1	0	7	1	13	1	0	22	2849
0.449	3	0	0	10	45	1	0	8	1	13	1	0	26	3725
0.449	3	0	0	9	45	1	0	9	1	13	1	0	14	1404
0.449	3	0	0	8	45	1	0	10	1	13	1	0	26	3725
0.449	3	0	0	7	45	1	0	11	1	13	1	0	28	4030
0.449	3	0	0	6	45	1	0	12	1	12	1	0	20	2409
0.45	1	0	0	7	45	2	0	1	6	13	1	0	14	8412
0.45	1	0	0	5	45	2	0	7	6	14	1	0	18	11827
0.45	3	0	0	22	45	2	0	1	1	12	1	0	20	2409
0.45	3	0	0	21	45	2	0	2	1	12	1	0	28	4030
0.45	3	0	0	20	45	2	0	3	1	12	1	0	28	4030
0.45	3	0	0	19	45	2	0	4	1	12	1	0	16	1752
0.45	3	0	0	18	45	2	0	5	1	12	1	0	28	4030
0.45	3	0	0	12	45	2	0	6	1	12	1	0	28	4030
0.45	3	0	0	11	45	2	0	7	1	12	1	0	22	2849
0.45	3	0	0	10	45	2	0	8	1	12	1	0	26	3725
0.45	3	0	0	9	45	2	0	9	1	12	1	0	14	1404
0.45	3	0	0	8	45	2	0	10	1	12	1	0	26	3725
0.45	3	0	0	7	45	2	0	11	1	12	1	0	28	4030
0.45	3	0	0	6	45	2	0	12	1	11	1	0	20	2409
0.452	3	0	0	22	45	4	0	1	1	14	1	0	2	158
0.452	3	0	0	21	45	4	0	2	1	14	1	0	28	4030
0.452	3	0	0	20	45	4	0	3	1	14	1	0	28	4030
0.452	3	0	0	19	45	4	0	4	1	11	1	0	10	876
0.452	3	0	0	18	45	4	0	5	1	14	1	0	28	4030
0.452	3	0	0	12	45	4	0	6	1	14	1	0	28	4030
0.452	3	0	0	11	45	4	0	7	1	14	1	0	22	2849
0.452	3	0	0	10	45	4	0	8	1	14	1	0	28	4030
0.452	3	0	0	9	45	4	0	9	1	11	1	0	14	1404
0.452	3	0	0	8	45	4	0	10	1	14	1	0	28	4030
0.452	3	0	0	7	45	4	0	11	1	14	1	0	28	4030
0.452	3	0	0	6	45	4	0	12	1	15	1	0	4	275
0.454	1	0	0	7	45	6	0	1	6	12	1	0	14	8412
0.454	1	0	0	5	45	6	0	7	6	15	1	0	18	11827
0.455	1	0	0	7	45	7	0	1	8	13	1	0	14	11214
0.455	1	0	0	5	45	7	0	9	4	14	1	0	18	7885
0.456	1	0	0	7	45	8	0	1	11	15	1	0	14	15418
0.457	1	0	0	7	45	9	0	1	9	11	1	0	20	21682
0.459	3	0	0	22	46	1	0	1	1	14	1	0	0	114
0.459	3	0	0	21	46	1	0	2	1	15	1	0	28	4030
0.459	3	0	0	20	46	1	0	3	1	15	1	0	28	4030
0.459	3	0	0	19	46	1	0	4	1	15	1	0	8	641
0.459	3	0	0	18	46	1	0	5	1	15	1	0	28	4030
0.459	3	0	0	12	46	1	0	6	1	15	1	0	28	4030
0.459	3	0	0	11	46	1	0	7	1	15	1	0	22	2849
0.459	3	0	0	10	46	1	0	8	1	15	1	0	28	4030
0.459	3	0	0	9	46	1	0	9	1	15	1	0	14	1404
0.459	3	0	0	8	46	1	0	10	1	15	1	0	28	4030
0.459	3	0	0	7	46	1	0	11	1	15	1	0	28	4030
0.461	3	0	0	22	46	3	0	1	1	13	1	0	2	158
0.461	3	0	0	21	46	3	0	2	1	14	1	0	28	4030
0.461	3	0	0	20	46	3	0	3	1	14	1	0	28	4030
0.461	3	0	0	19	46	3	0	4	1	14	1	0	14	1404
0.461	3	0	0	18	46	3	0	5	1	14	1	0	28	4030
0.461	3	0	0	12	46	3	0	6	1	14	1	0	28	4030
0.461	3	0	0	11	46	3	0	7	1	14	1	0	22	2849
0.461	3	0	0	10	46	3	0	8	1	14	1	0	28	4030
0.461	3	0	0	9	46	3	0	9	1	14	1	0	14	1404
0.461	3	0	0	8	46	3	0	10	1	14	1	0	28	4030
0.461	3	0	0	7	46	3	0	11	1	14	1	0	28	4030
0.461	3	0	0	6	46	3	0	12	1	15	1	0	14	1404
0.462	3	0	0	22	46	4	0	1	1	11	1	0	2	158
0.462	3	0	0	21	46	4	0	2	1	13	1	0	28	4030
0.462	3	0	0	20	46	4	0	3	1	13	1	0	28	4030
0.462	3	0	0	19	46	4	0	4	1	13	1	0	14	1404
0.462	3	0	0	18	46	4	0	5	1	13	1	0	28	4030
0.462	3	0	0	12	46	4	0	6	1	13	1	0	28	4030
0.462	3	0	0	11	46	4	0	7	1	13	1	0	22	2849
0.462	3	0	0	10	46	4	0	8	1	13	1	0	28	4030
0.462	3	0	0	9	46	4	0	9	1	13	1	0	14	1404
0.462	3	0	0	8	46	4	0	10	1	13	1	0	28	4030
0.462	3	0	0	7	46	4	0	11	1	13	1	0	28	4030
0.462	3	0	0	6	46	4	0	12	1	14	1	0	26	3725
0.463	3	0	0	22	46	5	0	1	1	15	1	0	2	158
0.463	3	0	0	21	46	5	0	2	1	12	1	0	28	4030
0.463	3	0	0	20	46	5	0	3	1	12	1	0	28	4030
0.463	3	0	0	19	46	5	0	4	1	12	1	0	20	2409
0.463	3	0	0	18	46	5	0	5	1	12	1	0	28	4030
0.463	3	0	0	12	46	5	0	6	1	12	1	0	28	4030
0.463	3	0	0	11	46	5	0	7	1	12	1	0	22	2849
0.463	3	0	0	10	46	5	0	8	1	12	1	0	28	4030
0.463	3	0	0	9	46	5	0	9	1	12	1	0	14	1404
0.463	3	0	0	8	46	5	0	10	1	12	1	0	28	4030
0.463	3	0	0	7	46	5	0	11	1	12	1	0	28	4030
0.464	3	0	0	22	46	6	0	1	1	14	1	0	28	4030
0.464	3	0	0	21	46	6	0	2	1	15	1	0	28	4030
0.464	3	0	0	20	46	6	0	3	1	15	1	0	28	4030
0.464	3	0	0	19	46	6	0	4	1	15	1	0	20	2409
0.464	3	0	0	18	46	6	0	5	1	15	1	0	28	4030
0.464	3	0	0	12	46	6	0	6	1	15	1	0	28	4030
0.464	3	0	0	11	46	6	0	7	1	15	1	0	22	2849
0.464	3	0	0	10	46	6	0	8	1	15	1	0	28	4030
0.464	3	0	0	9	46	6	0	9	1	15	1	0	14	1404
0.464	3	0	0	8	46	6	0	10	1	15	1	0	28	4030
0.464	3	0	0	7	46	6	0	11	1	15	1	0	28	4030
0.464	3	0	0	6	46	6	0	12	1	13	1	0	28	4030
0.465	3	0	0	22	46	7	0	1	1	12	1	0	24	3285
0.465	3	0	0	21	46	7	0	2	1	11	1	0	28	4030
0.465	3	0	0	20	46	7	0	3	1	11	1	0	28	4030
0.465	3	0	0	19	46	7	0	4	1	11	1	0	10	876
0.465	3	0	0	18	46	7	0	5	1	11	1	0	28	4030
0.465	3	0	0	12	46	7	0	6	1	11	1	0	28	4030
0.465	3	0	0	11	46	7	0	7	1	11	1	0	24	3285
0.465	3	0	0	10	46	7	0	8	1	11	1	0	28	4030
0.465	3	0	0	9	46	7	0	9	1	11	1	0	16	1752
0.465	3	0	0	8	46	7	0	10	1	11	1	0	28	4030
0.465	3	0	0	7	46	7	0	11	1	11	1	0	28	4030
0.465	3	0	0	6	46	7	0	12	1	12	1	0	28	4030
0.471	3	0	0	22	47	3	0	1	1	15	1	0	26	3725
0.471	3	0	0	21	47	3	0	2	1	15	1	0	28	4030
0.471	3	0	0	20	47	3	0	3	1	15	1	0	28	4030
0.471	3	0	0	19	47	3	0	4	1	14	1	0	12	1081
0.471	3	0	0	18	47	3	0	5	1	15	1	0	28	4030
0.471	3	0	0	12	47	3	0	6	1	15	1	0	28	4030
0.471	3	0	0	11	47	3	0	7	1	15	1	0	24	3285
0.471	3	0	0	10	47	3	0	8	1	15	1	0	28	4030
0.471	3	0	0	9	47	3	0	9	1	15	1	0	14	1404
0.471	3	0	0	8	47	3	0	10	1	15	1	0	28	4030
0.471	3	0	0	7	47	3	0	11	1	15	1	0	28	4030
0.472	3	0	0	22	47	4	0	1	1	13	1	0	26	3725
0.472	3	0	0	21	47	4	0	2	1	14	1	0	28	4030
0.472	3	0	0	20	47	4	0	3	1	14	1	0	28	4030
0.472	3	0	0	19	47	4	0	4	1	13	1	0	20	2409
0.472	3	0	0	18	47	4	0	5	1	14	1	0	28	4030
0.472	3	0	0	12	47	4	0	6	1	14	1	0	28	4030
0.472	3	0	0	11	47	4	0	7	1	14	1	0	24	3285
0.472	3	0	0	10	47	4	0	8	1	14	1	0	28	4030
0.472	3	0	0	9	47	4	0	9	1	14	1	0	14	1404
0.472	3	0	0	8	47	4	0	10	1	14	1	0	28	4030
0.472	3	0	0	7	47	4	0	11	1	14	1	0	28	4030
0.472	3	0	0	6	47	4	0	12	1	15	1	0	26	3725
0.473	3	0	0	22	47	5	0	1	1	12	1	0	26	3725
0.473	3	0	0	21	47	5	0	2	1	13	1	0	28	4030
0.473	3	0	0	20	47	5	0	3	1	13	1	0	28	4030
0.473	3	0	0	19	47	5	0	4	1	12	1	0	16	1752
0.473	3	0	0	18	47	5	0	5	1	13	1	0	28	4030
0.473	3	0	0	12	47	5	0	6	1	13	1	0	28	4030
0.473	3	0	0	11	47	5	0	7	1	13	1	0	24	3285
0.473	3	0	0	10	47	5	0	8	1	13	1	0	28	4030
0.473	3	0	0	9	47	5	0	9	1	13	1	0	14	1404
0.473	3	0	0	8	47	5	0	10	1	13	1	0	28	4030
0.473	3	0	0	7	47	5	0	11	1	13	1	0	28	4030
0.474	3	0	0	22	47	6	0	1	1	14	1	0	26	3725
0.474	3	0	0	21	47	6	0	2	1	12	1	0	28	4030
0.474	3	0	0	20	47	6	0	3	1	12	1	0	28	4030
0.474	3	0	0	19	47	6	0	4	1	15	1	0	22	2849
0.474	3	0	0	18	47	6	0	5	1	12	1	0	28	4030
0.474	3	0	0	12	47	6	0	6	1	12	1	0	28	4030
0.474	3	0	0	11	47	6	0	7	1	12	1	0	24	3285
0.474	3	0	0	10	47	6	0	8	1	12	1	0	28	4030
0.474	3	0	0	9	47	6	0	9	1	12	1	0	14	1404
0.474	3	0	0	8	47	6	0	10	1	12	1	0	28	4030
0.474	3	0	0	7	47	6	0	11	1	12	1	0	28	4030
0.474	3	0	0	6	47	6	0	12	1	14	1	0	26	3725
0.475	3	0	0	22	47	7	0	1	1	11	1	0	22	2849
0.475	3	0	0	21	47	7	0	2	1	11	1	0	28	4030
0.475	3	0	0	20	47	7	0	3	1	11	1	0	28	4030
0.475	3	0	0	19	47	7	0	4	1	11	1	0	16	1752
0.475	3	0	0	18	47	7	0	5	1	11	1	0	28	4030
0.475	3	0	0	12	47	7	0	6	1	11	1	0	28	4030
0.475	3	0	0	11	47	7	0	7	1	11	1	0	24	3285
0.475	3	0	0	10	47	7	0	8	1	11	1	0	28	4030
0.475	3	0	0	9	47	7	0	9	1	11	1	0	14	1404
0.475	3	0	0	8	47	7	0	10	1	11	1	0	28	4030
0.475	3	0	0	7	47	7	0	11	1	11	1	0	28	4030
0.475	3	0	0	6	47	7	0	12	1	13	1	0	28	4030
0.481	3	0	0	22	48	3	0	1	1	15	1	0	26	3725
0.481	3	0	0	21	48	3	0	2	1	15	1	0	28	4030
0.481	3	0	0	20	48	3	0	3	1	15	1	0	28	4030
0.481	3	0	0	19	48	3	0	4	1	14	1	0	12	1081
0.481	3	0	0	18	48	3	0	5	1	15	1	0	28	4030
0.481	3	0	0	12	48	3	0	6	1	15	1	0	28	4030
0.481	3	0	0	11	48	3	0	7	1	15	1	0	22	2849
0.481	3	0	0	10	48	3	0	8	1	15	1	0	28	4030
0.481	3	0	0	9	48	3	0	9	1	15	1	0	14	1404
0.481	3	0	0	8	48	3	0	10	1	15	1	0	28	4030
0.481	3	0	0	7	48	3	0	11	1	15	1	0	28	4030
0.481	3	0	0	6	48	3	0	12	1	15	1	0	26	3725
0.482	3	0	0	22	48	4	0	1	1	14	1	0	8	641
0.482	3	0	0	21	48	4	0	2	1	14	1	0	28	4030
0.482	3	0	0	20	48	4	0	3	1	14	1	0	28	4030
0.482	3	0	0	19	48	4	0	4	1	13	1	0	12	1081
0.482	3	0	0	18	48	4	0	5	1	14	1	0	28	4030
0.482	3	0	0	12	48	4	0	6	1	14	1	0	28	4030
0.482	3	0	0	11	48	4	0	7	1	14	1	0	28	4030
0.482	3	0	0	10	48	4	0	8	1	14	1	0	28	4030
0.482	3	0	0	9	48	4	0	9	1	14	1	0	14	1404
0.482	3	0	0	8	48	4	0	10	1	14	1	0	28	4030
0.482	3	0	0	7	48	4	0	11	1	14	1	0	28	4030
0.483	3	0	0	22	48	5	0	1	1	13	1	0	8	641
0.483	3	0	0	21	48	5	0	2	1	13	1	0	28	4030
0.483	3	0	0	20	48	5	0	3	1	13	1	0	28	4030
0.483	3	0	0	19	48	5	0	4	1	12	1	0	16	1752
0.483	3	0	0	18	48	5	0	5	1	13	1	0	28	4030
0.483	3	0	0	12	48	5	0	6	1	13	1	0	28	4030
0.483	3	0	0	11	48	5	0	7	1	13	1	0	28	4030
0.483	3	0	0	10	48	5	0	8	1	13	1	0	28	4030
0.483	3	0	0	9	48	5	0	9	1	13	1	0	14	1404
0.483	3	0	0	8	48	5	0	10	1	13	1	0	28	4030
0.483	3	0	0	7	48	5	0	11	1	13	1	0	28	4030
0.484	3	0	0	22	48	6	0	1	1	12	1	0	8	641
0.484	3	0	0	21	48	6	0	2	1	12	1	0	28	4030
0.484	3	0	0	20	48	6	0	3	1	12	1	0	28	4030
0.484	3	0	0	19	48	6	0	4	1	15	1	0	18	1972
0.484	3	0	0	18	48	6	0	5	1	12	1	0	28	4030
0.484	3	0	0	12	48	6	0	6	1	12	1	0	28	4030
0.484	3	0	0	11	48	6	0	7	1	12	1	0	14	1404
0.484	3	0	0	10	48	6	0	8	1	12	1	0	28	4030
0.484	3	0	0	9	48	6	0	9	1	12	1	0	14	1404
0.484	3	0	0	8	48	6	0	10	1	12	1	0	28	4030
0.484	3	0	0	7	48	6	0	11	1	12	1	0	28	4030
0.484	3	0	0	6	48	6	0	12	1	14	1	0	26	3725
0.485	3	0	0	22	48	7	0	1	1	11	1	0	8	641
0.485	3	0	0	21	48	7	0	2	1	11	1	0	28	4030
0.485	3	0	0	20	48	7	0	3	1	11	1	0	28	4030
0.485	3	0	0	19	48	7	0	4	1	11	1	0	20	2409
0.485	3	0	0	18	48	7	0	5	1	11	1	0	28	4030
0.485	3	0	0	12	48	7	0	6	1	11	1	0	28	4030
0.485	3	0	0	11	48	7	0	7	1	11	1	0	28	4030
0.485	3	0	0	10	48	7	0	8	1	11	1	0	28	4030
0.485	3	0	0	9	48	7	0	9	1	11	1	0	14	1404
0.485	3	0	0	8	48	7	0	10	1	11	1	0	28	4030
0.485	3	0	0	7	48	7	0	11	1	11	1	0	28	4030
0.485	3	0	0	6	48	7	0	12	1	13	1	0	26	3725
0.486	3	0	0	22	48	8	0	1	1	15	1	0	8	641
0.486	3	0	0	21	48	8	0	2	1	15	1	0	28	4030
0.486	3	0	0	20	48	8	0	3	1	15	1	0	28	4030
0.486	3	0	0	19	48	8	0	4	1	14	1	0	14	1404
0.486	3	0	0	18	48	8	0	5	1	15	1	0	28	4030
0.486	3	0	0	12	48	8	0	6	1	15	1	0	28	4030
0.486	3	0	0	11	48	8	0	7	1	15	1	0	28	4030
0.486	3	0	0	10	48	8	0	8	1	15	1	0	28	4030
0.486	3	0	0	9	48	8	0	9	1	15	1	0	14	1404
0.486	3	0	0	8	48	8	0	10	1	15	1	0	28	4030
0.486	3	0	0	7	48	8	0	11	1	15	1	0	28	4030
0.486	3	0	0	6	48	8	0	12	1	15	1	0	12	1081
0.492	3	0	0	22	49	4	0	1	1	15	1	0	26	3725
0.492	3	0	0	19	49	4	0	2	1	13	1	0	12	1081
0.492	3	0	0	11	49	4	0	3	1	14	1	0	22	2849
0.492	3	0	0	10	49	4	0	4	1	15	1	0	28	4030
0.492	3	0	0	9	49	4	0	5	1	15	1	0	14	1404
0.492	3	0	0	8	49	4	0	6	1	15	1	0	28	4030
0.492	3	0	0	6	49	4	0	7	1	15	1	0	26	3725
0.492	3	0	0	5	49	4	0	8	1	15	1	0	0	114
0.492	3	0	0	4	49	4	0	9	1	15	1	0	0	114
0.492	3	0	0	3	49	4	0	10	1	15	1	0	0	114
0.492	3	0	0	2	49	4	0	11	1	15	1	0	0	114
0.493	3	0	0	22	49	5	0	1	1	14	1	0	26	3725
0.493	3	0	0	19	49	5	0	2	1	12	1	0	12	1081
0.493	3	0	0	11	49	5	0	3	1	13	1	0	28	4030
0.493	3	0	0	9	49	5	0	4	1	14	1	0	14	1404
0.493	3	0	0	8	49	5	0	5	1	14	1	0	28	4030
0.493	3	0	0	6	49	5	0	6	1	14	1	0	26	3725
0.493	3	0	0	5	49	5	0	7	1	14	1	0	0	114
0.493	3	0	0	4	49	5	0	8	1	14	1	0	0	114
0.493	3	0	0	3	49	5	0	9	1	14	1	0	0	114
0.493	3	0	0	2	49	5	0	10	1	14	1	0	0	114
0.493	3	0	0	1	49	5	0	11	2	15	1	0	0	231
0.494	3	0	0	22	49	6	0	1	1	13	1	0	26	3725
0.494	3	0	0	19	49	6	0	2	1	15	1	0	16	1752
0.494	3	0	0	11	49	6	0	3	1	12	1	0	28	4030
0.494	3	0	0	9	49	6	0	4	1	13	1	0	14	1404
0.494	3	0	0	6	49	6	0	5	1	13	1	0	26	3725
0.494	3	0	0	5	49	6	0	6	1	13	1	0	0	114
0.494	3	0	0	4	49	6	0	7	1	13	1	0	0	114
0.494	3	0	0	3	49	6	0	8	1	13	1	0	0	114
0.494	3	0	0	2	49	6	0	9	2	13	1	0	0	231
0.494	3	0	0	1	49	6	0	11	2	14	1	0	0	231
0.495	3	0	0	22	49	7	0	1	1	12	1	0	26	3725
0.495	3	0	0	19	49	7	0	2	1	11	1	0	20	2409
0.495	3	0	0	11	49	7	0	3	1	11	1	0	28	4030
0.495	3	0	0	9	49	7	0	4	1	12	1	0	14	1404
0.495	3	0	0	6	49	7	0	5	1	12	1	0	26	3725
0.495	3	0	0	5	49	7	0	6	1	12	1	0	0	114
0.495	3	0	0	4	49	7	0	7	1	12	1	0	0	114
0.495	3	0	0	3	49	7	0	8	1	12	1	0	0	114
0.495	3	0	0	2	49	7	0	9	2	12	1	0	0	231
0.495	3	0	0	1	49	7	0	11	2	13	1	0	0	231
0.496	3	0	0	22	49	8	0	1	1	11	1	0	26	3725
0.496	3	0	0	19	49	8	0	2	1	14	1	0	20	2409
0.496	3	0	0	11	49	8	0	3	1	15	1	0	28	4030
0.496	3	0	0	9	49	8	0	4	1	11	1	0	14	1404
0.496	3	0	0	6	49	8	0	5	1	11	1	0	26	3725
0.496	3	0	0	5	49	8	0	6	1	11	1	0	0	114
0.496	3	0	0	4	49	8	0	7	1	11	1	0	0	114
0.496	3	0	0	3	49	8	0	8	1	11	1	0	0	114
0.496	3	0	0	2	49	8	0	9	2	11	1	0	0	231
0.496	3	0	0	1	49	8	0	11	2	12	1	0	0	231
0.497	3	0	0	22	49	9	0	1	1	15	1	0	26	3725
0.497	3	0	0	19	49	9	0	2	1	13	1	0	16	1752
0.497	3	0	0	11	49	9	0	3	1	14	1	0	16	1752
0.497	3	0	0	9	49	9	0	4	1	15	1	0	14	1404
0.497	3	0	0	6	49	9	0	5	1	15	1	0	26	3725
0.497	3	0	0	5	49	9	0	6	1	15	1	0	0	114
0.497	3	0	0	4	49	9	0	7	1	15	1	0	0	114
0.497	3	0	0	3	49	9	0	8	1	15	1	0	0	114
0.497	3	0	0	2	49	9	0	9	2	15	1	0	0	231
0.497	3	0	0	1	49	9	0	11	2	11	1	0	0	231
0.503	3	0	0	22	50	5	0	1	1	15	1	0	26	3725
0.503	3	0	0	19	50	5	0	2	1	12	1	0	12	1081
0.503	3	0	0	11	50	5	0	3	1	14	1	0	22	2849
0.503	3	0	0	9	50	5	0	4	1	15	1	0	14	1404
0.503	3	0	0	6	50	5	0	5	1	15	1	0	26	3725
0.503	3	0	0	5	50	5	0	6	1	15	1	0	20	2409
0.503	3	0	0	4	50	5	0	7	1	15	1	0	28	4030
0.503	3	0	0	3	50	5	0	8	1	15	1	0	28	4030
0.503	3	0	0	2	50	5	0	9	2	15	1	0	28	8060
0.503	3	0	0	1	50	5	0	11	2	15	1	0	8	1286
0.504	3	0	0	22	50	6	0	1	1	14	1	0	26	3725
0.504	3	0	0	19	50	6	0	2	1	15	1	0	12	1081
0.504	3	0	0	11	50	6	0	3	1	13	1	0	28	4030
0.504	3	0	0	9	50	6	0	4	1	14	1	0	14	1404
0.504	3	0	0	6	50	6	0	5	1	14	1	0	26	3725
0.504	3	0	0	5	50	6	0	6	1	14	1	0	20	2409
0.504	3	0	0	4	50	6	0	7	1	14	1	0	28	4030
0.504	3	0	0	3	50	6	0	8	1	14	1	0	28	4030
0.504	3	0	0	2	50	6	0	9	1	14	1	0	28	4030
0.504	3	0	0	1	50	6	0	10	2	14	1	0	8	1286
0.505	3	0	0	22	50	7	0	1	1	13	1	0	26	3725
0.505	3	0	0	19	50	7	0	2	1	11	1	0	16	1752
0.505	3	0	0	11	50	7	0	3	1	12	1	0	28	4030
0.505	3	0	0	9	50	7	0	4	1	13	1	0	14	1404
0.505	3	0	0	6	50	7	0	5	1	13	1	0	26	3725
0.505	3	0	0	5	50	7	0	6	1	13	1	0	20	2409
0.505	3	0	0	4	50	7	0	7	1	13	1	0	28	4030
0.505	3	0	0	3	50	7	0	8	1	13	1	0	28	4030
0.505	3	0	0	2	50	7	0	9	2	13	1	0	28	8060
0.505	3	0	0	1	50	7	0	11	2	13	1	0	8	1286
0.506	3	0	0	22	50	8	0	1	1	12	1	0	26	3725
0.506	3	0	0	19	50	8	0	2	1	14	1	0	20	2409
0.506	3	0	0	11	50	8	0	3	1	15	1	0	28	4030
0.506	3	0	0	9	50	8	0	4	1	12	1	0	14	1404
0.506	3	0	0	6	50	8	0	5	1	12	1	0	26	3725
0.506	3	0	0	5	50	8	0	6	1	12	1	0	20	2409
0.506	3	0	0	4	50	8	0	7	1	12	1	0	28	4030
0.506	3	0	0	3	50	8	0	8	1	12	1	0	28	4030
0.506	3	0	0	2	50	8	0	9	2	12	1	0	28	8060
0.506	3	0	0	1	50	8	0	11	2	12	1	0	8	1286
0.507	3	0	0	22	50	9	0	1	1	11	1	0	26	3725
0.507	3	0	0	19	50	9	0	2	1	13	1	0	20	2409
0.507	3	0	0	11	50	9	0	3	1	11	1	0	28	4030
0.507	3	0	0	9	50	9	0	4	1	11	1	0	14	1404
0.507	3	0	0	6	50	9	0	5	1	11	1	0	26	3725
0.507	3	0	0	5	50	9	0	6	1	11	1	0	20	2409
0.507	3	0	0	4	50	9	0	7	1	11	1	0	28	4030
0.507	3	0	0	3	50	9	0	8	1	11	1	0	28	4030
0.507	3	0	0	2	50	9	0	9	2	11	1	0	28	8060
0.507	3	0	0	1	50	9	0	11	2	11	1	0	8	1286
0.508	3	0	0	22	51	0	0	1	1	15	1	0	26	3725
0.508	3	0	0	19	51	0	0	2	1	12	1	0	26	3725
0.508	3	0	0	9	51	0	0	3	1	15	1	0	14	1404
0.508	3	0	0	6	51	0	0	4	1	15	1	0	26	3725
0.508	3	0	0	5	51	0	0	5	1	15	1	0	20	2409
0.508	3	0	0	4	51	0	0	6	1	15	1	0	28	4030
0.508	3	0	0	3	51	0	0	7	2	15	1	0	28	8060
0.508	3	0	0	2	51	0	0	9	2	15	1	0	28	8060
0.508	3	0	0	1	51	0	0	11	2	15	1	0	8	1286
0.514	3	0	0	22	51	6	0	1	1	15	1	0	26	3725
0.514	3	0	0	19	51	6	0	2	1	15	1	0	10	876
0.514	3	0	0	9	51	6	0	3	1	15	1	0	14	1404
0.514	3	0	0	6	51	6	0	4	1	15	1	0	26	3725
0.514	3	0	0	5	51	6	0	5	1	15	1	0	22	2849
0.514	3	0	0	4	51	6	0	6	1	15	1	0	28	4030
0.514	3	0	0	3	51	6	0	7	2	15	1	0	28	8060
0.514	3	0	0	2	51	6	0	9	2	15	1	0	28	8060
0.514	3	0	0	1	51	6	0	11	2	15	1	0	8	1286
0.515	3	0	0	22	51	7	0	1	1	14	1	0	26	3725
0.515	3	0	0	19	51	7	0	2	1	11	1	0	10	876
0.515	3	0	0	9	51	7	0	3	1	14	1	0	14	1404
0.515	3	0	0	6	51	7	0	4	1	14	1	0	26	3725
0.515	3	0	0	5	51	7	0	5	1	14	1	0	22	2849
0.515	3	0	0	4	51	7	0	6	1	14	1	0	28	4030
0.515	3	0	0	3	51	7	0	7	2	14	1	0	28	8060
0.515	3	0	0	2	51	7	0	9	2	14	1	0	28	8060
0.515	3	0	0	1	51	7	0	11	2	14	1	0	8	1286
0.516	3	0	0	22	51	8	0	1	1	13	1	0	26	3725
0.516	3	0	0	19	51	8	0	2	1	14	1	0	14	1404
0.516	3	0	0	9	51	8	0	3	1	13	1	0	14	1404
0.516	3	0	0	6	51	8	0	4	1	13	1	0	26	3725
0.516	3	0	0	5	51	8	0	5	1	13	1	0	22	2849
0.516	3	0	0	4	51	8	0	6	1	13	1	0	28	4030
0.516	3	0	0	3	51	8	0	7	2	13	1	0	28	8060
0.516	3	0	0	2	51	8	0	9	2	13	1	0	28	8060
0.516	3	0	0	1	51	8	0	11	2	13	1	0	8	1286
0.517	3	0	0	22	51	9	0	1	1	12	1	0	26	3725
0.517	3	0	0	19	51	9	0	2	1	13	1	0	14	1404
0.517	3	0	0	9	51	9	0	3	1	12	1	0	14	1404
0.517	3	0	0	6	51	9	0	4	1	12	1	0	26	3725
0.517	3	0	0	5	51	9	0	5	1	12	1	0	22	2849
0.517	3	0	0	4	51	9	0	6	1	12	1	0	28	4030
0.517	3	0	0	3	51	9	0	7	2	12	1	0	28	8060
0.517	3	0	0	2	51	9	0	9	2	12	1	0	28	8060
0.517	3	0	0	1	51	9	0	11	2	12	1	0	8	1286
0.518	3	0	0	22	52	0	0	1	1	11	1	0	26	3725
0.518	3	0	0	19	52	0	0	2	1	12	1	0	20	2409
0.518	3	0	0	9	52	0	0	3	1	11	1	0	14	1404
0.518	3	0	0	6	52	0	0	4	1	11	1	0	26	3725
0.518	3	0	0	5	52	0	0	5	1	11	1	0	22	2849
0.518	3	0	0	4	52	0	0	6	1	11	1	0	28	4030
0.518	3	0	0	3	52	0	0	7	2	11	1	0	28	8060
0.518	3	0	0	2	52	0	0	9	2	11	1	0	28	8060
0.518	3	0	0	1	52	0	0	11	2	11	1	0	8	1286
0.519	3	0	0	22	52	1	0	1	1	15	1	0	26	3725
0.519	3	0	0	19	52	1	0	2	1	15	1	0	18	1972
0.519	3	0	0	9	52	1	0	3	1	15	1	0	14	1404
0.519	3	0	0	6	52	1	0	4	1	15	1	0	26	3725
0.519	3	0	0	5	52	1	0	5	1	15	1	0	22	2849
0.519	3	0	0	4	52	1	0	6	1	15	1	0	28	4030
0.519	3	0	0	3	52	1	0	7	2	15	1	0	28	8060
0.519	3	0	0	2	52	1	0	9	2	15	1	0	28	8060
0.519	3	0	0	1	52	1	0	11	2	15	1	0	8	1286
0.52	3	0	0	22	52	2	0	1	1	14	1	0	26	3725
0.52	3	0	0	19	52	2	0	2	1	11	1	0	12	1081
0.52	3	0	0	9	52	2	0	3	1	14	1	0	14	1404
0.52	3	0	0	6	52	2	0	4	1	14	1	0	26	3725
0.52	3	0	0	5	52	2	0	5	1	14	1	0	22	2849
0.52	3	0	0	4	52	2	0	6	1	14	1	0	28	4030
0.52	3	0	0	3	52	2	0	7	2	14	1	0	28	8060
0.52	3	0	0	2	52	2	0	9	2	14	1	0	28	8060
0.52	3	0	0	1	52	2	0	11	2	14	1	0	8	1286
0.525	3	0	0	22	52	7	0	1	1	15	1	0	26	3725
0.525	3	0	0	19	52	7	0	2	1	11	1	0	12	1081
0.525	3	0	0	9	52	7	0	3	1	15	1	0	14	1404
0.525	3	0	0	6	52	7	0	4	1	15	1	0	26	3725
0.525	3	0	0	5	52	7	0	5	1	15	1	0	22	2849
0.525	3	0	0	4	52	7	0	6	1	15	1	0	28	4030
0.525	3	0	0	3	52	7	0	7	2	15	1	0	28	8060
0.525	3	0	0	2	52	7	0	9	2	15	1	0	28	8060
0.525	3	0	0	1	52	7	0	11	2	15	1	0	8	1286
0.526	3	0	0	22	52	8	0	1	1	14	1	0	26	3725
0.526	3	0	0	19	52	8	0	2	1	14	1	0	12	1081
0.526	3	0	0	9	52	8	0	3	1	14	1	0	14	1404
0.526	3	0	0	6	52	8	0	4	1	14	1	0	26	3725
0.526	3	0	0	5	52	8	0	5	1	14	1	0	22	2849
0.526	3	0	0	4	52	8	0	6	1	14	1	0	28	4030
0.526	3	0	0	3	52	8	0	7	2	14	1	0	28	8060
0.526	3	0	0	2	52	8	0	9	2	14	1	0	28	8060
0.526	3	0	0	1	52	8	0	11	2	14	1	0	8	1286
0.527	3	0	0	22	52	9	0	1	1	13	1	0	26	3725
0.527	3	0	0	19	52	9	0	2	1	13	1	0	20	2409
0.527	3	0	0	9	52	9	0	3	1	13	1	0	14	1404
0.527	3	0	0	6	52	9	0	4	1	13	1	0	26	3725
0.527	3	0	0	5	52	9	0	5	1	13	1	0	22	2849
0.527	3	0	0	4	52	9	0	6	1	13	1	0	28	4030
0.527	3	0	0	3	52	9	0	7	1	13	1	0	28	4030
0.527	3	0	0	2	52	9	0	8	2	13	1	0	28	8060
0.527	3	0	0	1	52	9	0	10	2	13	1	0	8	1286
0.528	3	0	0	22	53	0	0	1	1	12	1	0	26	3725
0.528	3	0	0	19	53	0	0	2	1	12	1	0	22	2849
0.528	3	0	0	9	53	0	0	3	1	12	1	0	14	1404
0.528	3	0	0	6	53	0	0	4	1	12	1	0	26	3725
0.528	3	0	0	5	53	0	0	5	1	12	1	0	22	2849
0.528	3	0	0	4	53	0	0	6	1	12	1	0	28	4030
0.528	3	0	0	3	53	0	0	7	2	12	1	0	28	8060
0.528	3	0	0	2	53	0	0	9	2	12	1	0	28	8060
0.528	3	0	0	1	53	0	0	11	2	12	1	0	8	1286
0.529	3	0	0	22	53	1	0	1	1	11	1	0	26	3725
0.529	3	0	0	19	53	1	0	2	1	15	1	0	16	1752
0.529	3	0	0	9	53	1	0	3	1	11	1	0	14	1404
0.529	3	0	0	6	53	1	0	4	1	11	1	0	26	3725
0.529	3	0	0	5	53	1	0	5	1	11	1	0	22	2849
0.529	3	0	0	4	53	1	0	6	1	11	1	0	28	4030
0.529	3	0	0	3	53	1	0	7	2	11	1	0	28	8060
0.529	3	0	0	2	53	1	0	9	2	11	1	0	28	8060
0.529	3	0	0	1	53	1	0	11	2	11	1	0	8	1286
0.53	3	0	0	22	53	2	0	1	1	15	1	0	26	3725
0.53	3	0	0	19	53	2	0	2	1	11	1	0	24	3285
0.53	3	0	0	9	53	2	0	3	1	15	1	0	14	1404
0.53	3	0	0	6	53	2	0	4	1	15	1	0	26	3725
0.53	3	0	0	5	53	2	0	5	1	15	1	0	22	2849
0.53	3	0	0	4	53	2	0	6	1	15	1	0	28	4030
0.53	3	0	0	3	53	2	0	7	2	15	1	0	28	8060
0.53	3	0	0	2	53	2	0	9	2	15	1	0	28	8060
0.53	3	0	0	1	53	2	0	11	2	15	1	0	8	1286
0.536	3	0	0	22	53	8	0	1	1	15	1	0	26	3725
0.536	3	0	0	19	53	8	0	2	1	14	1	0	12	1081
0.536	3	0	0	9	53	8	0	3	1	15	1	0	14	1404
0.536	3	0	0	6	53	8	0	4	1	15	1	0	26	3725
0.536	3	0	0	5	53	8	0	5	1	15	1	0	22	2849
0.536	3	0	0	4	53	8	0	6	2	15	1	0	28	8060
0.536	3	0	0	3	53	8	0	8	2	15	1	0	28	8060
0.536	3	0	0	2	53	8	0	10	1	15	1	0	28	4030
0.536	3	0	0	1	53	8	0	11	2	15	1	0	8	1286
0.537	3	0	0	22	53	9	0	1	1	14	1	0	28	4030
0.537	3	0	0	19	53	9	0	2	1	13	1	0	12	1081
0.537	3	0	0	9	53	9	0	3	1	14	1	0	14	1404
0.537	3	0	0	5	53	9	0	4	2	14	1	0	22	5695
0.537	3	0	0	4	53	9	0	6	2	14	1	0	28	8060
0.537	3	0	0	3	53	9	0	8	2	14	1	0	28	8060
0.537	3	0	0	1	53	9	0	10	2	14	1	0	8	1286
0.538	3	0	0	22	54	0	0	1	1	13	1	0	28	4030
0.538	3	0	0	19	54	0	0	2	1	12	1	0	26	3725
0.538	3	0	0	9	54	0	0	3	2	13	1	0	14	2805
0.538	3	0	0	5	54	0	0	5	2	13	1	0	22	5695
0.538	3	0	0	4	54	0	0	7	2	13	1	0	28	8060
0.538	3	0	0	3	54	0	0	9	2	13	1	0	28	8060
0.538	3	0	0	1	54	0	0	11	2	13	1	0	8	1286
0.539	3	0	0	22	54	1	0	1	1	12	1	0	24	3285
0.539	3	0	0	19	54	1	0	2	2	15	1	0	18	3942
0.539	3	0	0	9	54	1	0	4	2	12	1	0	14	2805
0.539	3	0	0	5	54	1	0	6	2	12	1	0	22	5695
0.539	3	0	0	4	54	1	0	8	2	12	1	0	28	8060
0.539	3	0	0	1	54	1	0	10	2	12	1	0	8	1286
0.54	3	0	0	22	54	2	0	1	1	11	1	0	24	3285
0.54	3	0	0	19	54	2	0	2	3	11	1	0	22	8541
0.54	3	0	0	9	54	2	0	5	2	11	1	0	14	2805
0.54	3	0	0	5	54	2	0	7	2	11	1	0	22	5695
0.54	3	0	0	4	54	2	0	9	2	11	1	0	28	8060
0.54	3	0	0	1	54	2	0	11	2	11	1	0	8	1286
0.541	3	0	0	19	54	3	0	1	3	14	1	0	26	11170
0.541	3	0	0	9	54	3	0	4	3	15	1	0	14	4206
0.541	3	0	0	5	54	3	0	7	2	15	1	0	22	5695
0.541	3	0	0	4	54	3	0	9	2	15	1	0	28	8060
0.541	3	0	0	1	54	3	0	11	2	15	1	0	8	1286
0.547	3	0	0	19	54	9	0	1	3	13	1	0	12	3241
0.547	3	0	0	9	54	9	0	4	3	15	1	0	14	4206
0.547	3	0	0	5	54	9	0	7	2	15	1	0	22	5695
0.547	3	0	0	4	54	9	0	9	2	15	1	0	28	8060
0.547	3	0	0	1	54	9	0	11	2	15	1	0	8	1286
0.548	3	0	0	19	55	0	0	1	3	12	1	0	12	3241
0.548	3	0	0	9	55	0	0	4	3	14	1	0	14	4206
0.548	3	0	0	5	55	0	0	7	2	14	1	0	22	5695
0.548	3	0	0	4	55	0	0	9	2	14	1	0	28	8060
0.548	3	0	0	1	55	0	0	11	2	14	1	0	8	1286
0.549	3	0	0	19	55	1	0	1	3	15	1	0	16	5258
0.549	3	0	0	9	55	1	0	4	3	13	1	0	14	4206
0.549	3	0	0	5	55	1	0	7	2	13	1	0	22	5695
0.549	3	0	0	4	55	1	0	9	2	13	1	0	28	8060
0.549	3	0	0	1	55	1	0	11	2	13	1	0	8	1286
0.55	3	0	0	19	55	2	0	1	3	11	1	0	16	5258
0.55	3	0	0	9	55	2	0	4	3	12	1	0	14	4206
0.55	3	0	0	5	55	2	0	7	3	12	1	0	22	8541
0.55	3	0	0	4	55	2	0	10	1	12	1	0	28	4030
0.55	3	0	0	1	55	2	0	11	2	12	1	0	8	1286
0.551	3	0	0	19	55	3	0	1	3	14	1	0	18	5915
0.551	3	0	0	9	55	3	0	4	3	11	1	0	14	4206
0.551	3	0	0	5	55	3	0	7	3	11	1	0	22	8541
0.551	3	0	0	1	55	3	0	10	2	11	1	0	8	1286
0.553	3	0	0	9	55	5	0	1	3	15	1	0	14	4206
0.553	3	0	0	5	55	5	0	4	4	14	1	0	20	9637
0.553	3	0	0	1	55	5	0	8	4	15	1	0	8	2570
0.557	3	0	0	9	55	9	0	1	4	14	1	0	14	5607
0.557	3	0	0	5	55	9	0	5	4	15	1	0	22	11390
0.557	3	0	0	1	55	9	0	9	4	14	1	0	8	2570
0.558	3	0	0	9	56	0	0	1	4	15	1	0	14	5607
0.558	3	0	0	5	56	0	0	5	4	14	1	0	26	14893
0.558	3	0	0	1	56	0	0	9	4	15	1	0	8	2570
0.559	3	0	0	9	56	1	0	1	5	13	1	0	14	7008
0.559	3	0	0	1	56	1	0	6	6	13	1	0	8	3854
0.56	3	0	0	1	56	2	0	1	12	12	1	0	8	7709
0.561	3	0	0	1	56	3	0	1	12	11	1	0	8	7709
0.562	3	0	0	1	56	4	0	1	11	10	1	0	8	7067
0.564	3	0	0	1	56	6	0	1	12	15	1	0	8	7709
0.565	3	0	0	1	56	7	0	1	12	14	1	0	8	7709
0.566	3	0	0	1	56	8	0	1	12	13	1	0	8	7709
0.567	3	0	0	1	56	9	0	1	12	12	1	0	8	7709
0.568	3	0	0	1	57	0	0	1	11	11	1	0	8	7067
0.569	3	0	0	1	57	1	0	1	12	15	1	0	8	7709
0.57	3	0	0	1	57	2	0	1	12	14	1	0	8	7709
0.571	3	0	0	1	57	3	0	1	11	13	1	0	8	7067
0.572	3	0	0	1	57	4	0	1	11	12	1	0	8	7067
0.573	3	0	0	1	57	5	0	1	12	11	1	0	8	7709
0.574	3	0	0	1	57	6	0	1	8	15	1	0	8	5141
