Time	direction	frame	subF	slot	1stSym	nSymbol	cellId	bwpId	rnti	tbSize	mcs	rank	rv	SINR(dB)	CQI	corrupt	TBler
0.413143	DL	41	3	0	1	1	1	0	7	114	0	1	0	8.6318	8	0	0
0.413143	DL	41	3	0	1	1	3	0	22	114	0	1	0	-4.23221	2	0	0
0.413214	DL	41	3	0	2	1	1	0	6	114	0	1	0	24.6697	15	0	0
0.413214	DL	41	3	0	2	1	3	0	21	114	0	1	0	40.5112	15	0	0
0.413286	DL	41	3	0	3	1	3	0	20	114	0	1	0	32.5305	15	0	0
0.413357	DL	41	3	0	3	2	1	0	5	231	0	1	0	14.8675	10	0	0
0.413357	DL	41	3	0	4	1	3	0	19	114	0	1	0	5.90642	6	0	0
0.413429	DL	41	3	0	5	1	3	0	18	114	0	1	0	54.068	15	0	0
0.4135	DL	41	3	0	5	2	1	0	4	231	0	1	0	49.4904	15	0	0
0.4135	DL	41	3	0	6	1	3	0	12	114	0	1	0	31.2384	15	0	0
0.413571	DL	41	3	0	7	1	3	0	11	114	0	1	0	16.1825	12	0	0
0.413643	DL	41	3	0	7	2	1	0	3	231	0	1	0	30.3143	15	0	0
0.413643	DL	41	3	0	8	1	3	0	10	114	0	1	0	27.9797	15	0	0
0.413714	DL	41	3	0	9	1	3	0	9	114	0	1	0	8.37478	8	0	0
0.413786	DL	41	3	0	9	2	1	0	2	231	0	1	0	51.9755	15	0	0
0.413786	DL	41	3	0	10	1	3	0	8	114	0	1	0	24.4712	14	0	0
0.413857	DL	41	3	0	11	1	3	0	7	114	0	1	0	48.5712	15	0	0
0.413929	DL	41	3	0	11	2	1	0	1	231	0	1	0	14.1822	11	0	0
0.414143	DL	41	4	0	1	1	1	0	7	114	0	1	0	8.70921	8	0	0
0.414143	DL	41	4	0	1	1	3	0	22	114	0	1	0	-5.55311	1	0	6.35284e-07
0.414214	DL	41	4	0	2	1	1	0	6	114	0	1	0	25.017	15	0	0
0.414214	DL	41	4	0	2	1	3	0	21	114	0	1	0	40.7497	15	0	0
0.414286	DL	41	4	0	3	1	3	0	20	114	0	1	0	32.8679	15	0	0
0.414357	DL	41	4	0	3	2	1	0	5	231	0	1	0	14.5679	10	0	0
0.414357	DL	41	4	0	4	1	3	0	19	114	0	1	0	6.77263	7	0	0
0.414429	DL	41	4	0	5	1	3	0	18	114	0	1	0	54.3563	15	0	0
0.4145	DL	41	4	0	5	2	1	0	4	231	0	1	0	49.522	15	0	0
0.4145	DL	41	4	0	6	1	3	0	12	114	0	1	0	31.3276	15	0	0
0.414571	DL	41	4	0	7	1	3	0	11	114	0	1	0	16.1545	12	0	0
0.414643	DL	41	4	0	7	2	1	0	3	231	0	1	0	25.0173	14	0	0
0.414643	DL	41	4	0	8	1	3	0	10	114	0	1	0	27.5978	15	0	0
0.414714	DL	41	4	0	9	1	3	0	9	114	0	1	0	8.53269	9	0	0
0.414786	DL	41	4	0	9	2	1	0	2	231	0	1	0	52.3246	15	0	0
0.414786	DL	41	4	0	10	1	3	0	8	114	0	1	0	24.3431	14	0	0
0.414857	DL	41	4	0	11	1	3	0	7	114	0	1	0	48.4631	15	0	0
0.414929	DL	41	4	0	11	2	1	0	1	231	0	1	0	13.4594	11	0	0
0.415143	DL	41	5	0	1	1	1	0	7	114	0	1	0	8.83806	8	0	0
0.415143	DL	41	5	0	1	1	3	0	22	114	0	1	0	-3.59234	2	0	0
0.415214	DL	41	5	0	2	1	1	0	6	114	0	1	0	25.438	15	0	0
0.415214	DL	41	5	0	2	1	3	0	21	114	0	1	0	40.9128	15	0	0
0.415286	DL	41	5	0	3	1	1	0	5	114	0	1	0	14.921	10	0	0
0.415286	DL	41	5	0	3	1	3	0	20	114	0	1	0	32.568	15	0	0
0.415357	DL	41	5	0	4	1	3	0	19	114	0	1	0	7.20903	7	0	0
0.415429	DL	41	5	0	4	2	1	0	4	231	0	1	0	49.2052	15	0	0
0.415429	DL	41	5	0	5	1	3	0	18	114	0	1	0	53.9288	15	0	0
0.4155	DL	41	5	0	6	1	3	0	12	114	0	1	0	32.6775	15	0	0
0.415571	DL	41	5	0	6	2	1	0	3	231	0	1	0	32.2883	15	0	0
0.415571	DL	41	5	0	7	1	3	0	11	114	0	1	0	16.3257	12	0	0
0.415643	DL	41	5	0	8	1	3	0	10	114	0	1	0	25.662	15	0	0
0.415714	DL	41	5	0	8	2	1	0	2	231	0	1	0	48.2002	15	0	0
0.415714	DL	41	5	0	9	1	3	0	9	114	0	1	0	8.69548	9	0	0
0.415786	DL	41	5	0	10	1	3	0	8	114	0	1	0	25.2734	14	0	0
0.415857	DL	41	5	0	10	2	1	0	1	231	0	1	0	13.5808	11	0	0
0.415857	DL	41	5	0	11	1	3	0	7	114	0	1	0	48.5765	15	0	0
0.415929	DL	41	5	0	12	1	3	0	6	114	0	1	0	23.9965	14	0	0
0.416143	DL	41	6	0	1	1	1	0	7	114	0	1	0	8.73732	8	0	0
0.416143	DL	41	6	0	1	1	3	0	22	114	0	1	0	-4.65898	2	0	2.498e-15
0.416214	DL	41	6	0	2	1	1	0	6	114	0	1	0	25.8162	15	0	0
0.416214	DL	41	6	0	2	1	3	0	21	114	0	1	0	40.8553	15	0	0
0.416286	DL	41	6	0	3	1	3	0	20	114	0	1	0	32.8757	15	0	0
0.416357	DL	41	6	0	3	2	1	0	5	231	0	1	0	14.6126	10	0	0
0.416357	DL	41	6	0	4	1	3	0	19	114	0	1	0	6.32498	7	0	0
0.416429	DL	41	6	0	5	1	3	0	18	114	0	1	0	54.4359	15	0	0
0.4165	DL	41	6	0	5	2	1	0	4	231	0	1	0	49.0335	15	0	0
0.4165	DL	41	6	0	6	1	3	0	12	114	0	1	0	31.2927	15	0	0
0.416571	DL	41	6	0	7	1	3	0	11	114	0	1	0	15.9728	12	0	0
0.416643	DL	41	6	0	7	2	1	0	3	231	0	1	0	30.896	15	0	0
0.416643	DL	41	6	0	8	1	3	0	10	114	0	1	0	27.6952	15	0	0
0.416714	DL	41	6	0	9	1	3	0	9	114	0	1	0	8.77655	9	0	0
0.416786	DL	41	6	0	9	2	1	0	2	231	0	1	0	51.8919	15	0	0
0.416786	DL	41	6	0	10	1	3	0	8	114	0	1	0	24.8688	14	0	0
0.416857	DL	41	6	0	11	1	3	0	7	114	0	1	0	48.6642	15	0	0
0.416929	DL	41	6	0	11	2	1	0	1	231	0	1	0	12.7653	11	0	0
0.416929	DL	41	6	0	12	1	3	0	6	114	0	1	0	-0.326893	4	0	0
0.417143	DL	41	7	0	1	1	1	0	7	114	0	1	0	8.24374	8	0	0
0.417143	DL	41	7	0	1	1	3	0	22	114	0	1	0	-3.74822	2	0	0
0.417214	DL	41	7	0	2	1	1	0	6	114	0	1	0	25.5963	15	0	0
0.417214	DL	41	7	0	2	1	3	0	21	114	0	1	0	40.8035	15	0	0
0.417286	DL	41	7	0	3	1	3	0	20	114	0	1	0	32.5507	15	0	0
0.417357	DL	41	7	0	3	2	1	0	5	231	0	1	0	14.5041	10	0	0
0.417357	DL	41	7	0	4	1	3	0	19	114	0	1	0	6.75132	7	0	0
0.417429	DL	41	7	0	5	1	3	0	18	114	0	1	0	54.8042	15	0	0
0.4175	DL	41	7	0	5	2	1	0	4	231	0	1	0	49.0989	15	0	0
0.4175	DL	41	7	0	6	1	3	0	12	114	0	1	0	31.2174	15	0	0
0.417571	DL	41	7	0	7	1	3	0	11	114	0	1	0	15.7773	12	0	0
0.417643	DL	41	7	0	7	2	1	0	3	231	0	1	0	30.5668	15	0	0
0.417643	DL	41	7	0	8	1	3	0	10	114	0	1	0	26.8516	15	0	0
0.417714	DL	41	7	0	9	1	3	0	9	114	0	1	0	8.88562	9	0	0
0.417786	DL	41	7	0	9	2	1	0	2	231	0	1	0	52.18	15	0	0
0.417786	DL	41	7	0	10	1	3	0	8	114	0	1	0	24.7736	14	0	0
0.417857	DL	41	7	0	11	1	3	0	7	114	0	1	0	48.7508	15	0	0
0.417929	DL	41	7	0	11	2	1	0	1	231	0	1	0	13.4852	11	0	0
0.417929	DL	41	7	0	12	1	3	0	6	114	0	1	0	-0.536513	4	0	0
0.418143	DL	41	8	0	1	1	1	0	7	114	0	1	0	7.84499	8	0	0
0.418143	DL	41	8	0	1	1	3	0	22	114	0	1	0	-3.99065	2	0	0
0.418214	DL	41	8	0	2	1	1	0	6	114	0	1	0	25.7223	15	0	0
0.418214	DL	41	8	0	2	1	3	0	21	114	0	1	0	40.9436	15	0	0
0.418286	DL	41	8	0	3	1	3	0	20	114	0	1	0	32.3871	15	0	0
0.418357	DL	41	8	0	3	2	1	0	5	231	0	1	0	14.6733	10	0	0
0.418357	DL	41	8	0	4	1	3	0	19	114	0	1	0	6.4173	7	0	0
0.418429	DL	41	8	0	5	1	3	0	18	114	0	1	0	54.1532	15	0	0
0.4185	DL	41	8	0	5	2	1	0	4	231	0	1	0	49.1555	15	0	0
0.4185	DL	41	8	0	6	1	3	0	12	114	0	1	0	31.4593	15	0	0
0.418571	DL	41	8	0	7	1	3	0	11	114	0	1	0	15.8556	12	0	0
0.418643	DL	41	8	0	7	2	1	0	3	231	0	1	0	30.2719	15	0	0
0.418643	DL	41	8	0	8	1	3	0	10	114	0	1	0	27.1514	15	0	0
0.418714	DL	41	8	0	9	1	3	0	9	114	0	1	0	8.87032	9	0	0
0.418786	DL	41	8	0	9	2	1	0	2	231	0	1	0	51.7522	15	0	0
0.418786	DL	41	8	0	10	1	3	0	8	114	0	1	0	24.8491	14	0	0
0.418857	DL	41	8	0	11	1	3	0	7	114	0	1	0	48.7251	15	0	0
0.418929	DL	41	8	0	11	2	1	0	1	231	0	1	0	12.9171	11	0	0
0.418929	DL	41	8	0	12	1	3	0	6	114	0	1	0	-0.0761011	4	0	0
0.419143	DL	41	9	0	1	1	1	0	7	1404	14	1	0	7.82018	7	0	0.156848
0.419143	DL	41	9	0	1	1	3	0	22	158	2	1	0	-4.43819	2	0	1.35371e-07
0.419214	DL	41	9	0	2	1	1	0	6	4030	28	1	0	26.4182	15	0	8.29337e-13
0.419214	DL	41	9	0	2	1	3	0	21	4030	28	1	0	41.0815	15	0	0
0.419286	DL	41	9	0	3	1	3	0	20	4030	28	1	0	32.6776	15	0	0
0.419357	DL	41	9	0	3	2	1	0	5	3942	18	1	0	14.6406	10	0	0
0.419357	DL	41	9	0	4	1	3	0	19	876	10	1	0	6.40658	7	0	0
0.419429	DL	41	9	0	5	1	3	0	18	4030	28	1	0	53.9241	15	0	0
0.4195	DL	41	9	0	5	2	1	0	4	8060	28	1	0	49.1584	15	0	0
0.4195	DL	41	9	0	6	1	3	0	12	4030	28	1	0	31.6404	15	0	0
0.419571	DL	41	9	0	7	1	3	0	11	2849	22	1	0	16.3716	13	0	0
0.419643	DL	41	9	0	7	2	1	0	3	8060	28	1	0	26.3571	15	0	0.0206296
0.419643	DL	41	9	0	8	1	3	0	10	4030	28	1	0	27.6271	15	0	1.5947e-07
0.419714	DL	41	9	0	9	1	3	0	9	1404	14	1	0	9.03002	9	0	0
0.419786	DL	41	9	0	9	2	1	0	2	8060	28	1	0	51.355	15	0	0
0.419786	DL	41	9	0	10	1	3	0	8	3725	26	1	0	24.634	14	0	3.33067e-15
0.419857	DL	41	9	0	11	1	3	0	7	4030	28	1	0	48.7665	15	0	0
0.419929	DL	41	9	0	11	2	1	0	1	4818	20	1	0	13.7206	11	0	0
0.419929	DL	41	9	0	12	1	3	0	6	114	0	1	0	-0.11671	4	0	0
0.420143	DL	42	0	0	1	1	1	0	7	1404	14	1	0	7.95644	8	0	0.0199579
0.420143	DL	42	0	0	1	1	3	0	22	114	0	1	0	-3.05773	2	0	0
0.420214	DL	42	0	0	2	1	1	0	6	4030	28	1	0	26.4477	15	0	1.41112e-09
0.420214	DL	42	0	0	2	1	3	0	21	4030	28	1	0	40.8964	15	0	0
0.420286	DL	42	0	0	3	1	3	0	20	4030	28	1	0	32.2975	15	0	0
0.420357	DL	42	0	0	3	2	1	0	5	3942	18	1	0	14.763	10	0	0
0.420357	DL	42	0	0	4	1	3	0	19	1081	12	1	0	6.58966	7	0	0
0.420429	DL	42	0	0	5	1	3	0	18	4030	28	1	0	54.7973	15	0	0
0.4205	DL	42	0	0	5	2	1	0	4	8060	28	1	0	48.9502	15	0	0
0.4205	DL	42	0	0	6	1	3	0	12	4030	28	1	0	31.4725	15	0	0
0.420571	DL	42	0	0	7	1	3	0	11	2849	22	1	0	16.6223	13	0	0
0.420643	DL	42	0	0	7	2	1	0	3	7448	26	1	0	31.0763	15	0	0
0.420643	DL	42	0	0	8	1	3	0	10	4030	28	1	0	27.5735	15	0	1.16236e-07
0.420714	DL	42	0	0	9	1	3	0	9	1752	16	1	0	9.23123	9	0	0
0.420786	DL	42	0	0	9	2	1	0	2	8060	28	1	0	51.6171	15	0	0
0.420786	DL	42	0	0	10	1	3	0	8	3725	26	1	0	24.6293	14	0	1.66533e-15
0.420857	DL	42	0	0	11	1	3	0	7	4030	28	1	0	48.9196	15	0	0
0.420929	DL	42	0	0	11	2	1	0	1	4818	20	1	0	13.1982	11	0	6.42165e-07
0.420929	DL	42	0	0	12	1	3	0	6	114	0	1	0	-0.273386	4	0	0
0.421143	DL	42	1	0	1	1	1	0	7	1404	14	1	0	7.94739	8	0	0.0131514
0.421143	DL	42	1	0	1	1	3	0	22	158	2	1	0	-4.66954	2	0	3.21811e-05
0.421214	DL	42	1	0	2	1	1	0	6	4030	28	1	0	26.2916	15	0	1.4586e-10
0.421214	DL	42	1	0	2	1	3	0	21	4030	28	1	0	41.0186	15	0	0
0.421286	DL	42	1	0	3	1	3	0	20	4030	28	1	0	33.3261	15	0	0
0.421357	DL	42	1	0	3	2	1	0	5	3942	18	1	0	14.55	10	0	0
0.421357	DL	42	1	0	4	1	3	0	19	1081	12	1	0	6.26826	7	0	0.000835148
0.421429	DL	42	1	0	5	1	3	0	18	4030	28	1	0	54.6998	15	0	0
0.4215	DL	42	1	0	5	2	1	0	4	8060	28	1	0	49.0015	15	0	0
0.4215	DL	42	1	0	6	1	3	0	12	4030	28	1	0	31.5431	15	0	0
0.421571	DL	42	1	0	7	1	3	0	11	2849	22	1	0	16.4539	13	0	0
0.421643	DL	42	1	0	7	2	1	0	3	8060	28	1	0	30.4627	15	0	1.65707e-09
0.421643	DL	42	1	0	8	1	3	0	10	4030	28	1	0	27.355	15	0	0.000100884
0.421714	DL	42	1	0	9	1	3	0	9	1752	16	1	0	9.36049	9	0	0
0.421786	DL	42	1	0	9	2	1	0	2	8060	28	1	0	51.2764	15	0	0
0.421786	DL	42	1	0	10	1	3	0	8	3725	26	1	0	24.6398	14	0	0
0.421857	DL	42	1	0	11	1	3	0	7	4030	28	1	0	48.901	15	0	0
0.421929	DL	42	1	0	11	2	1	0	1	4818	20	1	0	13.749	11	0	0
0.422143	DL	42	2	0	1	1	1	0	7	1404	14	1	0	8.1218	8	0	0.00128675
0.422143	DL	42	2	0	1	1	3	0	22	158	2	1	0	-2.82173	2	0	0
0.422214	DL	42	2	0	2	1	1	0	6	4030	28	1	0	26.1202	15	0	7.37677e-12
0.422214	DL	42	2	0	2	1	3	0	21	4030	28	1	0	40.8276	15	0	0
0.422286	DL	42	2	0	3	1	3	0	20	4030	28	1	0	32.9966	15	0	0
0.422357	DL	42	2	0	3	2	1	0	5	3942	18	1	0	14.274	10	0	0
0.422357	DL	42	2	0	4	1	3	0	19	1081	12	1	0	6.08167	7	0	1.32593e-06
0.422429	DL	42	2	0	5	1	3	0	18	4030	28	1	0	54.3323	15	0	0
0.4225	DL	42	2	0	5	2	1	0	4	8060	28	1	0	49.0793	15	0	0
0.4225	DL	42	2	0	6	1	3	0	12	4030	28	1	0	31.631	15	0	0
0.422571	DL	42	2	0	7	1	3	0	11	2849	22	1	0	16.3919	13	0	0
0.422643	DL	42	2	0	7	2	1	0	3	8060	28	1	0	30.3716	15	0	7.8305e-11
0.422643	DL	42	2	0	8	1	3	0	10	4030	28	1	0	27.7042	15	0	1.56328e-07
0.422714	DL	42	2	0	9	1	3	0	9	1752	16	1	0	9.48912	9	0	0
0.422786	DL	42	2	0	9	2	1	0	2	8060	28	1	0	51.1844	15	0	0
0.422786	DL	42	2	0	10	1	3	0	8	3725	26	1	0	24.9253	14	0	0
0.422857	DL	42	2	0	11	1	3	0	7	4030	28	1	0	48.7762	15	0	0
0.422929	DL	42	2	0	11	2	1	0	1	4818	20	1	0	13.0146	11	0	1.58292e-05
0.422929	DL	42	2	0	12	1	3	0	6	436	6	1	0	-0.283565	4	0	0.0012673
0.423143	DL	42	3	0	1	1	1	0	7	1404	14	1	0	7.94512	8	0	0.00281372
0.423143	DL	42	3	0	1	1	3	0	22	158	2	1	0	-3.87136	2	0	1.39611e-13
0.423214	DL	42	3	0	2	1	1	0	6	4030	28	1	0	26.146	15	0	6.60298e-07
0.423214	DL	42	3	0	2	1	3	0	21	4030	28	1	0	40.6081	15	0	0
0.423286	DL	42	3	0	3	1	3	0	20	4030	28	1	0	33.6484	15	0	0
0.423357	DL	42	3	0	3	2	1	0	5	3942	18	1	0	14.4617	10	0	0
0.423357	DL	42	3	0	4	1	3	0	19	1081	12	1	0	5.86195	7	0	0.0124167
0.423429	DL	42	3	0	5	1	3	0	18	4030	28	1	0	55.0711	15	0	0
0.4235	DL	42	3	0	5	2	1	0	4	8060	28	1	0	49.1212	15	0	0
0.4235	DL	42	3	0	6	1	3	0	12	4030	28	1	0	31.801	15	0	0
0.423571	DL	42	3	0	7	1	3	0	11	2849	22	1	0	16.088	12	0	0
0.423643	DL	42	3	0	7	2	1	0	3	8060	28	1	0	30.2638	15	0	5.1666e-10
0.423643	DL	42	3	0	8	1	3	0	10	4030	28	1	0	27.9724	15	0	5.72239e-07
0.423714	DL	42	3	0	9	1	3	0	9	1752	16	1	0	9.23463	9	0	0
0.423786	DL	42	3	0	9	2	1	0	2	8060	28	1	0	51.5934	15	0	0
0.423786	DL	42	3	0	10	1	3	0	8	3725	26	1	0	24.9767	14	0	0
0.423857	DL	42	3	0	11	1	3	0	7	4030	28	1	0	48.7198	15	0	0
0.423929	DL	42	3	0	11	2	1	0	1	4818	20	1	0	13.7823	11	0	0
0.423929	DL	42	3	0	12	1	3	0	6	436	6	1	0	-0.211079	4	0	4.37032e-06
0.424143	DL	42	4	0	1	1	1	0	7	1404	14	1	0	7.78406	8	0	0.0781633
0.424143	DL	42	4	0	1	1	3	0	22	158	2	1	0	-2.75228	2	0	0
0.424214	DL	42	4	0	2	1	1	0	6	4030	28	1	0	26.0885	15	0	6.06981e-12
0.424214	DL	42	4	0	2	1	3	0	21	4030	28	1	0	40.6487	15	0	0
0.424286	DL	42	4	0	3	1	3	0	20	4030	28	1	0	33.4137	15	0	0
0.424357	DL	42	4	0	3	2	1	0	5	3942	18	1	0	14.1912	10	0	0
0.424357	DL	42	4	0	4	1	3	0	19	1081	12	1	0	5.33418	6	1	0.998968
0.424429	DL	42	4	0	5	1	3	0	18	4030	28	1	0	54.5519	15	0	0
0.4245	DL	42	4	0	5	2	1	0	4	8060	28	1	0	49.0855	15	0	0
0.4245	DL	42	4	0	6	1	3	0	12	4030	28	1	0	31.6201	15	0	0
0.424571	DL	42	4	0	7	1	3	0	11	2849	22	1	0	16.1409	12	0	0
0.424643	DL	42	4	0	7	2	1	0	3	8060	28	1	0	27.6025	15	0	0.00127449
0.424643	DL	42	4	0	8	1	3	0	10	4030	28	1	0	27.4667	15	0	1.56177e-06
0.424714	DL	42	4	0	9	1	3	0	9	1752	16	1	0	9.1967	9	0	0
0.424786	DL	42	4	0	9	2	1	0	2	8060	28	1	0	51.3521	15	0	0
0.424786	DL	42	4	0	10	1	3	0	8	3725	26	1	0	24.8298	14	0	0
0.424857	DL	42	4	0	11	1	3	0	7	4030	28	1	0	48.9908	15	0	0
0.424929	DL	42	4	0	11	2	1	0	1	4818	20	1	0	12.9893	11	0	4.19527e-05
0.424929	DL	42	4	0	12	1	3	0	6	436	6	1	0	0.0619152	4	0	5.51418e-09
0.425143	DL	42	5	0	1	1	1	0	7	1081	12	1	0	7.61086	7	0	0
0.425143	DL	42	5	0	1	1	3	0	22	158	2	1	0	-2.58466	2	0	0
0.425214	DL	42	5	0	2	1	1	0	6	4030	28	1	0	26.24	15	0	1.73347e-06
0.425214	DL	42	5	0	2	1	3	0	21	4030	28	1	0	40.6082	15	0	0
0.425286	DL	42	5	0	3	1	1	0	5	1972	18	1	0	14.3477	10	0	0
0.425286	DL	42	5	0	3	1	3	0	20	4030	28	1	0	33.7072	15	0	0
0.425357	DL	42	5	0	4	1	3	0	19	1081	12	1	0	6.05449	7	0	4.4755e-08
0.425429	DL	42	5	0	4	2	1	0	4	8060	28	1	0	49.1135	15	0	0
0.425429	DL	42	5	0	5	1	3	0	18	4030	28	1	0	54.2703	15	0	0
0.4255	DL	42	5	0	6	1	3	0	12	4030	28	1	0	32.6065	15	0	0
0.425571	DL	42	5	0	6	2	1	0	3	8060	28	1	0	34.2713	15	0	7.4496e-14
0.425571	DL	42	5	0	7	1	3	0	11	3285	24	1	0	16.0634	12	0	0.680681
0.425643	DL	42	5	0	8	1	3	0	10	4030	28	1	0	25.2731	14	1	0.363308
0.425714	DL	42	5	0	8	2	1	0	2	8060	28	1	0	47.3904	15	0	0
0.425714	DL	42	5	0	9	1	3	0	9	1752	16	1	0	9.20174	9	0	0
0.425786	DL	42	5	0	10	1	3	0	8	3725	26	1	0	25.5191	15	0	0
0.425857	DL	42	5	0	10	2	1	0	1	4818	20	1	0	13.7253	11	0	0
0.425857	DL	42	5	0	11	1	3	0	7	4030	28	1	0	49.0012	15	0	0
0.425929	DL	42	5	0	12	1	3	0	6	436	6	1	0	24.1429	14	0	0
0.426143	DL	42	6	0	1	1	1	0	7	1404	14	1	0	7.61975	7	0	0.23566
0.426143	DL	42	6	0	1	1	3	0	22	158	2	1	0	-3.00338	2	0	0
0.426214	DL	42	6	0	2	1	1	0	6	4030	28	1	0	25.7853	15	0	2.11396e-10
0.426214	DL	42	6	0	2	1	3	0	21	4030	28	1	0	40.6834	15	0	0
0.426286	DL	42	6	0	3	1	3	0	20	4030	28	1	0	33.2443	15	0	0
0.426357	DL	42	6	0	3	2	1	0	5	3942	18	1	0	14.2916	10	0	0
0.426357	DL	42	6	0	4	1	3	0	19	1081	12	1	0	4.59896	5	1	1
0.426429	DL	42	6	0	5	1	3	0	18	4030	28	1	0	54.5869	15	0	0
0.4265	DL	42	6	0	5	2	1	0	4	8060	28	1	0	49.2708	15	0	0
0.4265	DL	42	6	0	6	1	3	0	12	4030	28	1	0	31.4208	15	0	0
0.426571	DL	42	6	0	7	1	3	0	11	3285	24	1	0	15.7076	12	1	0.999739
0.426643	DL	42	6	0	7	2	1	0	3	8060	28	1	0	31.8866	15	0	6.71685e-14
0.426643	DL	42	6	0	8	1	3	0	10	4030	28	1	0	27.3078	15	0	3.45091e-05
0.426714	DL	42	6	0	9	1	3	0	9	1752	16	1	0	9.29982	9	0	0
0.426786	DL	42	6	0	9	2	1	0	2	8060	28	1	0	51.4985	15	0	0
0.426786	DL	42	6	0	10	1	3	0	8	3725	26	1	0	25.1427	14	0	0
0.426857	DL	42	6	0	11	1	3	0	7	4030	28	1	0	48.8496	15	0	0
0.426929	DL	42	6	0	11	2	1	0	1	4818	20	1	0	13.2161	11	0	3.70172e-08
0.427143	DL	42	7	0	1	1	1	0	7	1404	14	1	0	7.64516	7	1	0.802068
0.427143	DL	42	7	0	1	1	3	0	22	158	2	1	0	-1.32054	3	0	0
0.427214	DL	42	7	0	2	1	1	0	6	4030	28	1	0	25.9373	15	0	2.41375e-10
0.427214	DL	42	7	0	2	1	3	0	21	4030	28	1	0	40.8628	15	0	0
0.427286	DL	42	7	0	3	1	3	0	20	4030	28	1	0	33.3064	15	0	0
0.427357	DL	42	7	0	3	2	1	0	5	3942	18	1	0	14.2323	10	0	0
0.427357	DL	42	7	0	4	1	3	0	19	1081	12	1	0	4.29517	5	1	1
0.427429	DL	42	7	0	5	1	3	0	18	4030	28	1	0	54.9711	15	0	0
0.4275	DL	42	7	0	5	2	1	0	4	8060	28	1	0	49.4147	15	0	0
0.4275	DL	42	7	0	6	1	3	0	12	4030	28	1	0	31.7211	15	0	0
0.427571	DL	42	7	0	7	1	3	0	11	3285	24	1	0	15.7283	12	1	0.999427
0.427643	DL	42	7	0	7	2	1	0	3	8060	28	1	0	31.5492	15	0	4.59506e-11
0.427643	DL	42	7	0	8	1	3	0	10	4030	28	1	0	27.5163	15	0	0.0038794
0.427714	DL	42	7	0	9	1	3	0	9	1752	16	1	0	9.35912	9	0	0
0.427786	DL	42	7	0	9	2	1	0	2	8060	28	1	0	51.3451	15	0	0
0.427786	DL	42	7	0	10	1	3	0	8	3725	26	1	0	24.9666	14	0	1.9984e-14
0.427857	DL	42	7	0	11	1	3	0	7	4030	28	1	0	48.8624	15	0	0
0.427929	DL	42	7	0	11	2	1	0	1	4818	20	1	0	13.4608	11	0	9.18599e-13
0.427929	DL	42	7	0	12	1	3	0	6	436	6	1	0	-0.119203	4	0	1.52672e-05
0.428143	DL	42	8	0	1	1	1	0	7	1404	14	1	0	7.87445	7	0	0.195678
0.428143	DL	42	8	0	1	1	3	0	22	158	2	1	0	-3.2415	2	0	0
0.428214	DL	42	8	0	2	1	1	0	6	4030	28	1	0	25.7551	15	0	2.29214e-06
0.428214	DL	42	8	0	2	1	3	0	21	4030	28	1	0	40.7715	15	0	0
0.428286	DL	42	8	0	3	1	3	0	20	4030	28	1	0	33.2009	15	0	0
0.428357	DL	42	8	0	3	2	1	0	5	3942	18	1	0	14.4227	10	0	0
0.428357	DL	42	8	0	4	1	3	0	19	1081	12	1	0	4.06425	5	1	1
0.428429	DL	42	8	0	5	1	3	0	18	4030	28	1	0	54.2349	15	0	0
0.4285	DL	42	8	0	5	2	1	0	4	8060	28	1	0	49.1103	15	0	0
0.4285	DL	42	8	0	6	1	3	0	12	4030	28	1	0	31.4468	15	0	0
0.428571	DL	42	8	0	7	1	3	0	11	3285	24	1	0	15.6157	12	1	0.999997
0.428643	DL	42	8	0	7	2	1	0	3	8060	28	1	0	31.1414	15	0	1.63647e-13
0.428643	DL	42	8	0	8	1	3	0	10	4030	28	1	0	27.243	15	0	8.05207e-05
0.428714	DL	42	8	0	9	1	3	0	9	1752	16	1	0	8.86994	9	0	5.7867e-12
0.428786	DL	42	8	0	9	2	1	0	2	8060	28	1	0	51.1072	15	0	0
0.428786	DL	42	8	0	10	1	3	0	8	3725	26	1	0	25.1778	14	0	5.55112e-16
0.428857	DL	42	8	0	11	1	3	0	7	4030	28	1	0	48.7424	15	0	0
0.428929	DL	42	8	0	11	2	1	0	1	4818	20	1	0	12.8504	11	0	0.00217335
0.428929	DL	42	8	0	12	1	3	0	6	436	6	1	0	-0.378585	4	0	0.0104929
0.429143	DL	42	9	0	1	1	1	0	7	1404	14	1	0	9.07611	8	0	0
0.429214	DL	42	9	0	2	1	1	0	6	4030	28	1	0	25.4436	15	0	1.39995e-08
0.429357	DL	42	9	0	3	2	1	0	5	3942	18	1	0	14.2936	10	0	1.9984e-15
0.4295	DL	42	9	0	5	2	1	0	4	8060	28	1	0	49.5209	15	0	0
0.429643	DL	42	9	0	7	2	1	0	3	8060	28	1	0	30.2077	15	0	8.07749e-09
0.429786	DL	42	9	0	9	2	1	0	2	8060	28	1	0	56.6479	15	0	0
0.429929	DL	42	9	0	1	12	3	0	19	1081	12	1	1	11.6153	9	0	0
0.429929	DL	42	9	0	11	2	1	0	1	4818	20	1	0	14.8129	12	0	0
0.430143	DL	43	0	0	1	1	1	0	7	1404	14	1	0	9.19324	8	0	0
0.430214	DL	43	0	0	2	1	1	0	6	4030	28	1	0	25.5021	15	0	1.70982e-06
0.430357	DL	43	0	0	3	2	1	0	5	3942	18	1	0	14.1145	10	0	9.99201e-15
0.4305	DL	43	0	0	5	2	1	0	4	8060	28	1	0	49.4691	15	0	0
0.430643	DL	43	0	0	7	2	1	0	3	8060	28	1	0	34.5005	15	0	2.0639e-13
0.430786	DL	43	0	0	9	2	1	0	2	8060	28	1	0	56.6768	15	0	0
0.430929	DL	43	0	0	1	12	3	0	10	4030	28	1	1	35.4177	15	0	0
0.430929	DL	43	0	0	11	2	1	0	1	4818	20	1	0	14.1244	11	0	0
0.431143	DL	43	1	0	1	1	1	0	7	1081	12	1	0	9.4883	9	0	0
0.431214	DL	43	1	0	2	1	1	0	6	4030	28	1	0	25.8606	15	0	1.10931e-11
0.431357	DL	43	1	0	3	2	1	0	5	3942	18	1	0	14.2771	10	0	0
0.4315	DL	43	1	0	5	2	1	0	4	8060	28	1	0	49.5042	15	0	0
0.431643	DL	43	1	0	7	2	1	0	3	8060	28	1	0	33.2009	15	0	0
0.431786	DL	43	1	0	9	2	1	0	2	8060	28	1	0	56.5171	15	0	0
0.431929	DL	43	1	0	1	12	3	0	11	3285	24	1	1	22.8604	15	0	0
0.431929	DL	43	1	0	1	12	3	0	19	1081	12	1	1	11.9804	10	0	0
0.431929	DL	43	1	0	11	2	1	0	1	4818	20	1	0	14.7116	12	0	0
0.432929	DL	43	2	0	1	12	1	0	7	1404	14	1	1	19.5503	14	0	0
0.432929	DL	43	2	0	1	12	3	0	11	3285	24	1	1	10.3672	9	0	0
0.432929	DL	43	2	0	1	12	3	0	19	1081	12	1	1	10.5774	8	0	0
0.433143	DL	43	3	0	1	1	1	0	7	1081	12	1	0	8.65217	8	0	0
0.433214	DL	43	3	0	2	1	1	0	6	4030	28	1	0	25.4302	15	0	0.000749753
0.433357	DL	43	3	0	3	2	1	0	5	3942	18	1	0	14.5309	10	0	0
0.4335	DL	43	3	0	5	2	1	0	4	8060	28	1	0	49.0038	15	0	0
0.433643	DL	43	3	0	7	2	1	0	3	8060	28	1	0	30.7192	15	0	7.75187e-10
0.433786	DL	43	3	0	9	2	1	0	2	8060	28	1	0	56.569	15	0	0
0.433929	DL	43	3	0	1	12	3	0	11	3285	24	1	1	10.3845	9	0	0
0.433929	DL	43	3	0	1	12	3	0	19	1081	12	1	1	4.95869	9	0	0
0.433929	DL	43	3	0	11	2	1	0	1	4818	20	1	0	14.8891	12	0	0
0.434143	DL	43	4	0	1	1	1	0	7	1081	12	1	0	7.73802	7	0	0
0.434143	DL	43	4	0	1	1	3	0	22	158	2	1	0	-3.30743	2	0	0
0.434214	DL	43	4	0	2	1	1	0	6	4030	28	1	0	25.7144	15	0	7.26197e-08
0.434214	DL	43	4	0	2	1	3	0	21	4030	28	1	0	39.9875	15	0	0
0.434286	DL	43	4	0	3	1	1	0	5	1972	18	1	0	14.2991	10	0	0
0.434286	DL	43	4	0	3	1	3	0	20	4030	28	1	0	33.1597	15	0	0
0.434357	DL	43	4	0	4	1	3	0	19	641	8	1	0	4.22211	5	0	0
0.434429	DL	43	4	0	4	2	1	0	4	8060	28	1	0	48.665	15	0	0
0.434429	DL	43	4	0	5	1	3	0	18	4030	28	1	0	54.6087	15	0	0
0.4345	DL	43	4	0	6	1	3	0	12	4030	28	1	0	32.4304	15	0	0
0.434571	DL	43	4	0	6	2	1	0	3	8060	28	1	0	32.0222	15	0	5.87419e-13
0.434571	DL	43	4	0	7	1	3	0	11	2849	22	1	0	15.8216	12	0	0
0.434643	DL	43	4	0	8	1	3	0	10	4030	28	1	0	24.6662	14	1	0.998785
0.434714	DL	43	4	0	8	2	1	0	2	8060	28	1	0	47.9261	15	0	0
0.434714	DL	43	4	0	9	1	3	0	9	1752	16	1	0	7.93487	8	1	0.999904
0.434786	DL	43	4	0	10	1	3	0	8	3725	26	1	0	25.2346	15	0	0
0.434857	DL	43	4	0	10	2	1	0	1	4818	20	1	0	13.5914	11	0	3.65263e-14
0.434857	DL	43	4	0	11	1	3	0	7	4030	28	1	0	49.3438	15	0	0
0.434929	DL	43	4	0	12	1	3	0	6	436	6	1	0	24.4915	14	0	0
0.435143	DL	43	5	0	1	1	1	0	7	1404	14	1	0	7.79194	8	0	0.0171007
0.435143	DL	43	5	0	1	1	3	0	22	158	2	1	0	-4.41962	2	0	1.79645e-06
0.435214	DL	43	5	0	2	1	1	0	6	4030	28	1	0	26.2394	15	0	1.65034e-10
0.435214	DL	43	5	0	2	1	3	0	21	4030	28	1	0	40.1403	15	0	0
0.435286	DL	43	5	0	3	1	3	0	20	4030	28	1	0	33.5078	15	0	0
0.435357	DL	43	5	0	3	2	1	0	5	3942	18	1	0	14.1842	10	0	0
0.435357	DL	43	5	0	4	1	3	0	19	1752	16	1	0	3.43664	5	1	1
0.435429	DL	43	5	0	5	1	3	0	18	4030	28	1	0	54.2816	15	0	0
0.4355	DL	43	5	0	5	2	1	0	4	8060	28	1	0	48.7987	15	0	0
0.4355	DL	43	5	0	6	1	3	0	12	4030	28	1	0	31.384	15	0	0
0.435571	DL	43	5	0	7	1	3	0	11	2849	22	1	0	15.882	12	0	0
0.435643	DL	43	5	0	7	2	1	0	3	8060	28	1	0	33.3797	15	0	1.22125e-15
0.435643	DL	43	5	0	8	1	3	0	10	4030	28	1	0	26.7032	15	0	0.00653301
0.435714	DL	43	5	0	9	1	3	0	9	1752	16	1	0	7.84865	8	1	0.999998
0.435786	DL	43	5	0	9	2	1	0	2	8060	28	1	0	51.6949	15	0	0
0.435786	DL	43	5	0	10	1	3	0	8	3725	26	1	0	24.7275	14	0	0
0.435857	DL	43	5	0	11	1	3	0	7	4030	28	1	0	49.5075	15	0	0
0.435929	DL	43	5	0	11	2	1	0	1	5695	22	1	0	14.1543	11	1	0.999949
0.436143	DL	43	6	0	1	1	1	0	7	1404	14	1	0	7.98548	8	0	0.0327112
0.436143	DL	43	6	0	1	1	3	0	22	158	2	1	0	-3.63057	2	0	1.11022e-16
0.436214	DL	43	6	0	2	1	1	0	6	4030	28	1	0	26.1526	15	0	1.2923e-12
0.436214	DL	43	6	0	2	1	3	0	21	4030	28	1	0	40.117	15	0	0
0.436286	DL	43	6	0	3	1	1	0	5	1972	18	1	0	14.3393	10	0	0
0.436286	DL	43	6	0	3	1	3	0	20	4030	28	1	0	33.4187	15	0	0
0.436357	DL	43	6	0	4	1	3	0	19	1752	16	1	0	4.72867	6	1	1
0.436429	DL	43	6	0	4	2	1	0	4	8060	28	1	0	48.7231	15	0	0
0.436429	DL	43	6	0	5	1	3	0	18	4030	28	1	0	54.7559	15	0	0
0.4365	DL	43	6	0	6	1	3	0	12	4030	28	1	0	32.3738	15	0	0
0.436571	DL	43	6	0	6	2	1	0	3	8060	28	1	0	32.5523	15	0	1.14064e-12
0.436571	DL	43	6	0	7	1	3	0	11	2849	22	1	0	16.2147	12	0	0
0.436643	DL	43	6	0	8	1	3	0	10	4030	28	1	0	24.2806	14	1	1
0.436714	DL	43	6	0	8	2	1	0	2	8060	28	1	0	47.8093	15	0	0
0.436714	DL	43	6	0	9	1	3	0	9	1752	16	1	0	8.0034	8	1	0.99885
0.436786	DL	43	6	0	10	1	3	0	8	3725	26	1	0	25.3805	15	0	0
0.436857	DL	43	6	0	10	2	1	0	1	4818	20	1	0	13.6699	11	0	0
0.436857	DL	43	6	0	11	1	3	0	7	4030	28	1	0	49.4922	15	0	0
0.436929	DL	43	6	0	12	1	3	0	6	436	6	1	0	24.2931	14	0	0
0.437143	DL	43	7	0	1	1	1	0	7	1752	16	1	0	7.80223	7	1	1
0.437143	DL	43	7	0	1	1	3	0	22	158	2	1	0	-3.67371	2	0	0
0.437214	DL	43	7	0	2	1	1	0	6	4030	28	1	0	25.9614	15	0	1.54218e-07
0.437214	DL	43	7	0	2	1	3	0	21	4030	28	1	0	39.9012	15	0	0
0.437286	DL	43	7	0	3	1	3	0	20	4030	28	1	0	33.2806	15	0	0
0.437357	DL	43	7	0	3	2	1	0	5	3942	18	1	0	13.7681	10	0	0
0.437357	DL	43	7	0	4	1	3	0	19	1972	18	1	0	4.38479	5	1	1
0.437429	DL	43	7	0	5	1	3	0	18	4030	28	1	0	55.0982	15	0	0
0.4375	DL	43	7	0	5	2	1	0	4	8060	28	1	0	48.6314	15	0	0
0.4375	DL	43	7	0	6	1	3	0	12	4030	28	1	0	31.4826	15	0	0
0.437571	DL	43	7	0	7	1	3	0	11	4030	28	1	0	16.5471	13	1	1
0.437643	DL	43	7	0	7	2	1	0	3	8060	28	1	0	31.1821	15	0	4.88498e-15
0.437643	DL	43	7	0	8	1	3	0	10	4030	28	1	0	26.5133	15	0	5.61624e-05
0.437714	DL	43	7	0	9	1	3	0	9	1752	16	1	0	8.09191	8	1	0.983351
0.437786	DL	43	7	0	9	2	1	0	2	8060	28	1	0	51.9049	15	0	0
0.437786	DL	43	7	0	10	1	3	0	8	3725	26	1	0	24.3262	14	0	3.9746e-12
0.437857	DL	43	7	0	11	1	3	0	7	4030	28	1	0	49.7896	15	0	0
0.437929	DL	43	7	0	11	2	1	0	1	5695	22	1	0	13.2866	11	1	1
0.437929	DL	43	7	0	12	1	3	0	6	436	6	1	0	-0.191329	4	0	3.7775e-05
0.438143	DL	43	8	0	1	1	1	0	7	3725	26	1	0	7.56894	7	1	1
0.438143	DL	43	8	0	1	1	3	0	22	158	2	1	0	-4.09443	2	0	2.38587e-12
0.438214	DL	43	8	0	2	1	1	0	6	4030	28	1	0	25.9096	15	0	2.84106e-09
0.438214	DL	43	8	0	2	1	3	0	21	4030	28	1	0	40.0876	15	0	0
0.438286	DL	43	8	0	3	1	1	0	5	1972	18	1	0	14.6577	10	0	0
0.438286	DL	43	8	0	3	1	3	0	20	4030	28	1	0	33.4226	15	0	0
0.438357	DL	43	8	0	4	1	3	0	19	1404	14	1	0	4.80838	6	1	1
0.438429	DL	43	8	0	4	2	1	0	4	8060	28	1	0	48.6107	15	0	0
0.438429	DL	43	8	0	5	1	3	0	18	4030	28	1	0	54.209	15	0	0
0.4385	DL	43	8	0	6	1	3	0	12	4030	28	1	0	32.2545	15	0	0
0.438571	DL	43	8	0	6	2	1	0	3	8060	28	1	0	31.7339	15	0	8.67084e-14
0.438571	DL	43	8	0	7	1	3	0	11	1752	16	1	0	16.2218	12	0	0
0.438643	DL	43	8	0	8	1	3	0	10	4030	28	1	0	24.4528	14	1	0.999957
0.438714	DL	43	8	0	8	2	1	0	2	8060	28	1	0	48.9954	15	0	0
0.438714	DL	43	8	0	9	1	3	0	9	1752	16	1	0	8.21532	8	1	0.834663
0.438786	DL	43	8	0	10	1	3	0	8	3725	26	1	0	25.2004	14	0	0
0.438857	DL	43	8	0	10	2	1	0	1	5695	22	1	0	12.8799	11	1	1
0.438857	DL	43	8	0	11	1	3	0	7	4030	28	1	0	50.0301	15	0	0
0.438929	DL	43	8	0	12	1	3	0	6	436	6	1	0	23.9873	14	0	0
0.439286	DL	43	9	0	1	3	1	0	7	4206	14	1	0	8.55671	8	0	0
0.4395	DL	43	9	0	4	3	1	0	6	12091	28	1	0	25.6681	15	0	0.00024355
0.439714	DL	43	9	0	7	3	1	0	5	5915	18	1	0	14.577	10	0	0
0.439929	DL	43	9	0	1	12	3	0	9	1752	16	1	1	15.8953	13	0	0
0.439929	DL	43	9	0	1	12	3	0	10	4030	28	1	1	32.1037	15	0	0
0.439929	DL	43	9	0	10	3	1	0	1	8541	22	1	0	14.2325	11	1	1
0.440929	DL	44	0	0	1	12	1	0	1	5695	22	1	1	20.9587	15	0	0
0.440929	DL	44	0	0	1	12	3	0	9	1752	16	1	1	15.4454	12	0	0
0.440929	DL	44	0	0	1	12	3	0	19	1752	16	1	1	5.05906	6	1	0.999936
0.441286	DL	44	1	0	1	3	1	0	7	4206	14	1	0	8.17027	8	0	0
0.4415	DL	44	1	0	4	3	1	0	6	12091	28	1	0	25.3729	15	0	1.84846e-07
0.441714	DL	44	1	0	7	3	1	0	5	5915	18	1	0	14.4221	10	0	0
0.441929	DL	44	1	0	1	12	3	0	9	1752	16	1	1	13.817	11	0	0
0.441929	DL	44	1	0	1	12	3	0	10	4030	28	1	1	33.7176	15	0	0
0.441929	DL	44	1	0	1	12	3	0	19	1752	16	1	1	3.23229	8	1	0.999999
0.441929	DL	44	1	0	10	3	1	0	1	7228	20	1	0	13.7121	11	0	0
0.442929	DL	44	2	0	1	12	1	0	1	5695	22	1	1	24.7731	14	0	0
0.442929	DL	44	2	0	1	12	1	0	7	1752	16	1	1	15.0432	12	0	0
0.442929	DL	44	2	0	1	12	3	0	9	1752	16	1	1	13.191	11	0	0
0.442929	DL	44	2	0	1	12	3	0	11	4030	28	1	1	7.74719	8	0	0
0.442929	DL	44	2	0	1	12	3	0	19	1972	18	1	1	5.1861	7	1	1
0.443857	DL	44	3	0	1	11	3	0	9	1752	16	1	1	12.679	11	0	0
0.443857	DL	44	3	0	1	11	3	0	10	4030	28	1	1	31.7116	15	0	0
0.443857	DL	44	3	0	1	11	3	0	19	1404	14	1	1	9.20102	8	0	0
0.443929	DL	44	3	0	1	12	1	0	1	5695	22	1	1	23.1287	14	0	0
0.443929	DL	44	3	0	1	12	1	0	7	3725	26	1	1	15.0065	12	0	0
0.444143	DL	44	4	0	1	1	3	0	22	158	2	1	0	20.7236	11	0	0
0.444214	DL	44	4	0	2	1	3	0	21	4030	28	1	0	40.1827	15	0	0
0.444286	DL	44	4	0	3	1	3	0	20	4030	28	1	0	33.7834	15	0	0
0.444357	DL	44	4	0	4	1	3	0	19	876	10	1	0	6.00073	6	0	1.90958e-14
0.444429	DL	44	4	0	5	1	3	0	18	4030	28	1	0	54.8649	15	0	0
0.4445	DL	44	4	0	6	1	3	0	12	4030	28	1	0	57.3991	15	0	0
0.444571	DL	44	4	0	7	1	3	0	11	2849	22	1	0	15.9348	12	0	0
0.444643	DL	44	4	0	8	1	3	0	10	3725	26	1	0	26.6667	14	0	3.27516e-14
0.444714	DL	44	4	0	9	1	3	0	9	1404	14	1	0	7.81753	8	0	0
0.444786	DL	44	4	0	10	1	3	0	8	3725	26	1	0	25.1035	14	0	0
0.444857	DL	44	4	0	11	1	3	0	7	4030	28	1	0	50.3683	15	0	0
0.444929	DL	44	4	0	1	12	1	0	1	8541	22	1	1	19.9289	14	0	0
0.444929	DL	44	4	0	12	1	3	0	6	3725	26	1	0	22.7136	11	1	1
0.445286	DL	44	5	0	1	3	1	0	7	4206	14	1	0	9.1293	8	0	0
0.4455	DL	44	5	0	4	3	1	0	6	12091	28	1	0	25.8155	15	0	9.03277e-12
0.445714	DL	44	5	0	7	3	1	0	5	5915	18	1	0	14.2763	10	0	0
0.445929	DL	44	5	0	1	12	3	0	19	1752	16	1	2	15.2403	12	0	0
0.445929	DL	44	5	0	10	3	1	0	1	7228	20	1	0	14.5137	11	0	0
0.446286	DL	44	6	0	1	3	1	0	7	4206	14	1	0	9.14418	8	0	0
0.4465	DL	44	6	0	4	3	1	0	6	12091	28	1	0	25.8132	15	0	2.46431e-07
0.446714	DL	44	6	0	7	3	1	0	5	5915	18	1	0	14.3945	10	0	0
0.446929	DL	44	6	0	1	12	3	0	19	1752	16	1	2	11.7627	9	0	0
0.446929	DL	44	6	0	10	3	1	0	1	12091	28	1	0	14.6232	12	1	1
0.447286	DL	44	7	0	1	3	1	0	7	4206	14	1	0	9.21666	8	0	0
0.4475	DL	44	7	0	4	3	1	0	6	12091	28	1	0	26.0454	15	0	2.45019e-07
0.447714	DL	44	7	0	7	3	1	0	5	5915	18	1	0	14.1018	10	0	0
0.447929	DL	44	7	0	1	12	3	0	19	1972	18	1	2	12.4043	10	0	0
0.447929	DL	44	7	0	10	3	1	0	1	7228	20	1	0	14.3788	11	0	0
0.448143	DL	44	8	0	1	1	3	0	22	158	2	1	0	-4.29481	2	0	4.39153e-07
0.448214	DL	44	8	0	2	1	3	0	21	4030	28	1	0	40.469	15	0	0
0.448286	DL	44	8	0	1	3	1	0	7	8541	22	1	0	9.18608	8	1	1
0.448286	DL	44	8	0	3	1	3	0	20	4030	28	1	0	34.5717	15	0	0
0.448357	DL	44	8	0	4	1	3	0	19	1081	12	1	0	5.23841	6	1	0.952694
0.448429	DL	44	8	0	5	1	3	0	18	4030	28	1	0	54.0195	15	0	0
0.4485	DL	44	8	0	4	3	1	0	6	12091	28	1	0	25.246	15	0	6.04523e-07
0.4485	DL	44	8	0	6	1	3	0	12	4030	28	1	0	32.4239	15	0	0
0.448571	DL	44	8	0	7	1	3	0	11	1404	14	1	0	15.9261	12	0	0
0.448643	DL	44	8	0	8	1	3	0	10	4030	28	1	0	26.2275	15	0	0.0107646
0.448714	DL	44	8	0	7	3	1	0	5	5915	18	1	0	14.0142	10	0	0
0.448714	DL	44	8	0	9	1	3	0	9	2409	20	1	0	8.26524	8	1	1
0.448786	DL	44	8	0	10	1	3	0	8	3725	26	1	0	25.6912	15	0	0
0.448857	DL	44	8	0	11	1	3	0	7	4030	28	1	0	50.0389	15	0	0
0.448929	DL	44	8	0	10	3	1	0	1	11170	26	1	0	13.1846	11	1	1
0.448929	DL	44	8	0	12	1	3	0	6	3725	26	1	0	-0.762557	3	1	1
0.449429	DL	44	9	0	1	5	1	0	7	14237	22	1	0	9.10306	8	1	1
0.4495	DL	44	9	0	6	1	1	0	6	4030	28	1	0	25.2996	15	0	0.0108802
0.449786	DL	44	9	0	7	4	1	0	5	7885	18	1	0	13.9965	10	0	0
0.449857	DL	44	9	0	1	11	3	0	6	3725	26	1	1	13.7108	11	0	0
0.449929	DL	44	9	0	11	2	1	0	1	7448	26	1	0	14.836	12	1	1
0.450143	DL	45	0	0	1	1	3	0	22	2409	20	1	0	-5.05053	2	1	1
0.450214	DL	45	0	0	2	1	3	0	21	4030	28	1	0	40.6645	15	0	0
0.450286	DL	45	0	0	3	1	3	0	20	4030	28	1	0	34.3799	15	0	0
0.450357	DL	45	0	0	4	1	3	0	19	876	10	1	0	5.36244	6	0	3.77476e-14
0.450429	DL	45	0	0	5	1	3	0	18	4030	28	1	0	54.4181	15	0	0
0.4505	DL	45	0	0	1	6	1	0	7	17083	22	1	0	8.83025	8	1	1
0.4505	DL	45	0	0	6	1	3	0	12	4030	28	1	0	38.9204	15	0	0
0.450571	DL	45	0	0	7	1	3	0	11	2849	22	1	0	15.6699	12	0	0
0.450643	DL	45	0	0	8	1	3	0	10	3725	26	1	0	26.492	15	0	0
0.450714	DL	45	0	0	9	1	3	0	9	1404	14	1	0	8.46888	9	0	0
0.450786	DL	45	0	0	10	1	3	0	8	3725	26	1	0	26.0597	15	0	0
0.450857	DL	45	0	0	11	1	3	0	7	4030	28	1	0	50.2503	15	0	0
0.450929	DL	45	0	0	7	6	1	0	5	11827	18	1	0	13.4849	10	0	7.10543e-15
0.450929	DL	45	0	0	12	1	3	0	6	2409	20	1	0	2.278	5	1	1
0.451143	DL	45	1	0	1	1	3	0	22	2409	20	1	0	20.9701	11	0	0
0.451214	DL	45	1	0	2	1	3	0	21	4030	28	1	0	40.7547	15	0	0
0.451286	DL	45	1	0	3	1	3	0	20	4030	28	1	0	34.4896	15	0	0
0.451357	DL	45	1	0	4	1	3	0	19	2849	22	1	0	4.89962	5	1	1
0.451429	DL	45	1	0	5	1	3	0	18	4030	28	1	0	54.5723	15	0	0
0.4515	DL	45	1	0	6	1	3	0	12	4030	28	1	0	57.1024	15	0	0
0.451571	DL	45	1	0	7	1	3	0	11	2849	22	1	0	15.6812	12	0	0
0.451643	DL	45	1	0	8	1	3	0	10	3725	26	1	0	26.7673	15	0	0
0.451714	DL	45	1	0	9	1	3	0	9	1404	14	1	0	8.44414	9	0	0
0.451786	DL	45	1	0	10	1	3	0	8	3725	26	1	0	25.7036	15	0	0
0.451857	DL	45	1	0	11	1	3	0	7	4030	28	1	0	50.267	15	0	0
0.451929	DL	45	1	0	1	12	1	0	1	12091	28	1	1	20.7386	14	0	0
0.451929	DL	45	1	0	12	1	3	0	6	2409	20	1	0	22.3009	12	0	0
0.452143	DL	45	2	0	1	1	3	0	22	2409	20	1	0	-5.14109	2	1	1
0.452214	DL	45	2	0	2	1	3	0	21	4030	28	1	0	40.9363	15	0	0
0.452286	DL	45	2	0	3	1	3	0	20	4030	28	1	0	34.0696	15	0	0
0.452357	DL	45	2	0	4	1	3	0	19	1752	16	1	0	4.54522	6	1	1
0.452429	DL	45	2	0	5	1	3	0	18	4030	28	1	0	54.1896	15	0	0
0.4525	DL	45	2	0	1	6	1	0	7	8412	14	1	0	8.50155	8	0	0
0.4525	DL	45	2	0	6	1	3	0	12	4030	28	1	0	38.6386	15	0	0
0.452571	DL	45	2	0	7	1	3	0	11	2849	22	1	0	15.8225	12	0	0
0.452643	DL	45	2	0	8	1	3	0	10	3725	26	1	0	26.9006	15	0	0
0.452714	DL	45	2	0	9	1	3	0	9	1404	14	1	0	8.50366	9	0	0
0.452786	DL	45	2	0	10	1	3	0	8	3725	26	1	0	25.6616	15	0	0
0.452857	DL	45	2	0	11	1	3	0	7	4030	28	1	0	50.3655	15	0	0
0.452929	DL	45	2	0	7	6	1	0	5	11827	18	1	0	13.444	10	0	0
0.452929	DL	45	2	0	12	1	3	0	6	2409	20	1	0	1.84911	5	1	1
0.453929	DL	45	3	0	1	12	1	0	1	11170	26	1	1	20.9054	13	0	0
0.453929	DL	45	3	0	1	12	1	0	7	8541	22	1	1	14.1543	11	0	0
0.453929	DL	45	3	0	1	12	3	0	6	3725	26	1	1	5.5483	6	1	1
0.453929	DL	45	3	0	1	12	3	0	9	2409	20	1	1	14.442	12	0	0
0.453929	DL	45	3	0	1	12	3	0	19	1081	12	1	1	11.3331	9	0	0
0.454143	DL	45	4	0	1	1	3	0	22	158	2	1	0	18.58	4	0	0
0.454214	DL	45	4	0	2	1	3	0	21	4030	28	1	0	40.6384	15	0	0
0.454286	DL	45	4	0	3	1	3	0	20	4030	28	1	0	33.5696	15	0	0
0.454357	DL	45	4	0	4	1	3	0	19	876	10	1	0	3.81198	5	1	1
0.454429	DL	45	4	0	5	1	3	0	18	4030	28	1	0	53.511	15	0	0
0.4545	DL	45	4	0	6	1	3	0	12	4030	28	1	0	54.7674	15	0	0
0.454571	DL	45	4	0	7	1	3	0	11	2849	22	1	0	16.0563	12	0	0
0.454643	DL	45	4	0	8	1	3	0	10	4030	28	1	0	26.5375	15	0	0.000156719
0.454714	DL	45	4	0	9	1	3	0	9	1404	14	1	0	8.41934	8	0	0
0.454786	DL	45	4	0	10	1	3	0	8	4030	28	1	0	25.8117	15	0	0.00331531
0.454857	DL	45	4	0	11	1	3	0	7	4030	28	1	0	50.0573	15	0	0
0.454929	DL	45	4	0	1	12	1	0	1	7448	26	1	1	16.2338	13	0	0
0.454929	DL	45	4	0	1	12	1	0	7	14237	22	1	1	10.6802	9	0	0
0.454929	DL	45	4	0	12	1	3	0	6	275	4	1	0	19.398	5	0	0
0.455857	DL	45	5	0	1	11	3	0	6	2409	20	1	1	6.1202	6	1	1
0.455857	DL	45	5	0	1	11	3	0	22	2409	20	1	1	-5.78023	0	1	1
0.455929	DL	45	5	0	1	12	1	0	7	17083	22	1	1	14.0576	11	0	0
0.4565	DL	45	6	0	1	6	1	0	7	8412	14	1	0	9.63268	8	0	0
0.456929	DL	45	6	0	1	12	3	0	19	2849	22	1	1	17.2112	13	0	0
0.456929	DL	45	6	0	7	6	1	0	5	11827	18	1	0	14.0784	10	0	0
0.457643	DL	45	7	0	1	8	1	0	7	11214	14	1	0	8.65877	8	0	0
0.457929	DL	45	7	0	1	12	3	0	6	2409	20	1	1	7.61876	8	1	1
0.457929	DL	45	7	0	1	12	3	0	19	1752	16	1	1	8.31853	8	0	0
0.457929	DL	45	7	0	1	12	3	0	22	2409	20	1	1	-4.83231	2	1	1
0.457929	DL	45	7	0	9	4	1	0	5	7885	18	1	0	14.0856	10	0	0
0.458857	DL	45	8	0	1	11	1	0	7	15418	14	1	0	9.22952	8	0	0
0.458929	DL	45	8	0	1	12	3	0	6	3725	26	1	2	23.3297	14	0	0
0.459714	DL	45	9	0	1	9	1	0	7	21682	20	1	0	9.40269	8	1	1
0.459857	DL	45	9	0	1	11	3	0	19	876	10	1	1	14.2638	11	0	0
0.460929	DL	46	0	0	1	12	3	0	6	2409	20	1	2	30.9721	15	0	0
0.460929	DL	46	0	0	1	12	3	0	22	2409	20	1	2	22.5162	15	0	0
0.461143	DL	46	1	0	1	1	3	0	22	114	0	1	0	20.8365	13	0	0
0.461214	DL	46	1	0	2	1	3	0	21	4030	28	1	0	40.59	15	0	0
0.461286	DL	46	1	0	3	1	3	0	20	4030	28	1	0	33.7279	15	0	0
0.461357	DL	46	1	0	4	1	3	0	19	641	8	1	0	4.70861	6	0	0
0.461429	DL	46	1	0	5	1	3	0	18	4030	28	1	0	55.7592	15	0	0
0.4615	DL	46	1	0	6	1	3	0	12	4030	28	1	0	58.6998	15	0	0
0.461571	DL	46	1	0	7	1	3	0	11	2849	22	1	0	16.5778	13	0	0
0.461643	DL	46	1	0	8	1	3	0	10	4030	28	1	0	27.2726	15	0	3.40406e-05
0.461714	DL	46	1	0	9	1	3	0	9	1404	14	1	0	8.816	9	0	0
0.461786	DL	46	1	0	10	1	3	0	8	4030	28	1	0	26.2625	15	0	0.000748577
0.461857	DL	46	1	0	11	1	3	0	7	4030	28	1	0	50.8801	15	0	0
0.462929	DL	46	2	0	1	12	3	0	6	2409	20	1	2	31.2499	15	0	0
0.462929	DL	46	2	0	1	12	3	0	22	2409	20	1	2	22.6147	15	0	0
0.463143	DL	46	3	0	1	1	3	0	22	158	2	1	0	21.704	14	0	0
0.463214	DL	46	3	0	2	1	3	0	21	4030	28	1	0	40.157	15	0	0
0.463286	DL	46	3	0	3	1	3	0	20	4030	28	1	0	33.7424	15	0	0
0.463357	DL	46	3	0	4	1	3	0	19	1404	14	1	0	5.13915	6	1	1
0.463429	DL	46	3	0	5	1	3	0	18	4030	28	1	0	55.9178	15	0	0
0.4635	DL	46	3	0	6	1	3	0	12	4030	28	1	0	58.6548	15	0	0
0.463571	DL	46	3	0	7	1	3	0	11	2849	22	1	0	16.3566	12	0	0
0.463643	DL	46	3	0	8	1	3	0	10	4030	28	1	0	27.9927	15	0	1.47579e-07
0.463714	DL	46	3	0	9	1	3	0	9	1404	14	1	0	8.40257	9	0	0
0.463786	DL	46	3	0	10	1	3	0	8	4030	28	1	0	25.6469	15	0	0.0356714
0.463857	DL	46	3	0	11	1	3	0	7	4030	28	1	0	50.9193	15	0	0
0.463929	DL	46	3	0	12	1	3	0	6	1404	14	1	0	23.7953	14	0	0
0.464143	DL	46	4	0	1	1	3	0	22	158	2	1	0	13.9901	3	0	0
0.464214	DL	46	4	0	2	1	3	0	21	4030	28	1	0	39.9889	15	0	0
0.464286	DL	46	4	0	3	1	3	0	20	4030	28	1	0	32.9138	15	0	0
0.464357	DL	46	4	0	4	1	3	0	19	1404	14	1	0	5.44526	6	1	1
0.464429	DL	46	4	0	5	1	3	0	18	4030	28	1	0	54.4526	15	0	0
0.4645	DL	46	4	0	6	1	3	0	12	4030	28	1	0	51.3198	15	0	0
0.464571	DL	46	4	0	7	1	3	0	11	2849	22	1	0	16.4201	13	0	0
0.464643	DL	46	4	0	8	1	3	0	10	4030	28	1	0	27.6254	15	0	6.51103e-08
0.464714	DL	46	4	0	9	1	3	0	9	1404	14	1	0	8.32242	8	0	0
0.464786	DL	46	4	0	10	1	3	0	8	4030	28	1	0	25.7264	14	0	0.155597
0.464857	DL	46	4	0	1	11	1	0	7	21682	20	1	1	11.7286	10	0	0
0.464857	DL	46	4	0	11	1	3	0	7	4030	28	1	0	50.956	15	0	0
0.464929	DL	46	4	0	12	1	3	0	6	3725	26	1	0	23.9718	15	0	0
0.465143	DL	46	5	0	1	1	3	0	22	158	2	1	0	22.0657	14	0	0
0.465214	DL	46	5	0	2	1	3	0	21	4030	28	1	0	40.124	15	0	0
0.465286	DL	46	5	0	3	1	3	0	20	4030	28	1	0	33.6418	15	0	0
0.465357	DL	46	5	0	4	1	3	0	19	2409	20	1	0	6.04345	6	1	1
0.465429	DL	46	5	0	5	1	3	0	18	4030	28	1	0	56.1626	15	0	0
0.4655	DL	46	5	0	6	1	3	0	12	4030	28	1	0	58.6412	15	0	0
0.465571	DL	46	5	0	7	1	3	0	11	2849	22	1	0	16.4854	13	0	0
0.465643	DL	46	5	0	8	1	3	0	10	4030	28	1	0	27.0487	15	0	3.34922e-05
0.465714	DL	46	5	0	9	1	3	0	9	1404	14	1	0	8.27156	8	0	0
0.465786	DL	46	5	0	10	1	3	0	8	4030	28	1	0	26.1298	15	0	0.00992306
0.465857	DL	46	5	0	11	1	3	0	7	4030	28	1	0	51.0328	15	0	0
0.466143	DL	46	6	0	1	1	3	0	22	4030	28	1	0	20.7728	13	1	1
0.466214	DL	46	6	0	2	1	3	0	21	4030	28	1	0	40.0557	15	0	0
0.466286	DL	46	6	0	3	1	3	0	20	4030	28	1	0	33.6568	15	0	0
0.466357	DL	46	6	0	4	1	3	0	19	2409	20	1	0	5.83841	6	1	1
0.466429	DL	46	6	0	5	1	3	0	18	4030	28	1	0	56.2802	15	0	0
0.4665	DL	46	6	0	6	1	3	0	12	4030	28	1	0	58.7263	15	0	0
0.466571	DL	46	6	0	7	1	3	0	11	2849	22	1	0	16.3778	13	0	0
0.466643	DL	46	6	0	8	1	3	0	10	4030	28	1	0	26.8106	15	0	0.000229399
0.466714	DL	46	6	0	9	1	3	0	9	1404	14	1	0	8.11473	8	0	0
0.466786	DL	46	6	0	10	1	3	0	8	4030	28	1	0	26.0293	15	0	0.00712031
0.466857	DL	46	6	0	11	1	3	0	7	4030	28	1	0	51.0419	15	0	0
0.466929	DL	46	6	0	12	1	3	0	6	4030	28	1	0	24.023	14	1	0.999992
0.467143	DL	46	7	0	1	1	3	0	22	3285	24	1	0	22.1191	14	0	0
0.467214	DL	46	7	0	2	1	3	0	21	4030	28	1	0	40.1369	15	0	0
0.467286	DL	46	7	0	3	1	3	0	20	4030	28	1	0	33.5069	15	0	0
0.467357	DL	46	7	0	4	1	3	0	19	876	10	1	0	6.7188	7	0	0
0.467429	DL	46	7	0	5	1	3	0	18	4030	28	1	0	56.1225	15	0	0
0.4675	DL	46	7	0	6	1	3	0	12	4030	28	1	0	58.8898	15	0	0
0.467571	DL	46	7	0	7	1	3	0	11	3285	24	1	0	16.4171	13	0	0.0171019
0.467643	DL	46	7	0	8	1	3	0	10	4030	28	1	0	27.1758	15	0	7.56329e-05
0.467714	DL	46	7	0	9	1	3	0	9	1752	16	1	0	8.02399	8	1	0.997761
0.467786	DL	46	7	0	10	1	3	0	8	4030	28	1	0	26.2556	15	0	0.00011577
0.467857	DL	46	7	0	11	1	3	0	7	4030	28	1	0	51.0885	15	0	0
0.467929	DL	46	7	0	12	1	3	0	6	4030	28	1	0	23.9618	14	1	1
0.468929	DL	46	8	0	1	12	3	0	19	1404	14	1	1	13.9196	11	0	0
0.469929	DL	46	9	0	1	12	3	0	19	1404	14	1	1	9.28551	9	0	0
0.470929	DL	47	0	0	1	12	3	0	19	2409	20	1	1	14.9541	12	0	0
0.471929	DL	47	1	0	1	12	3	0	6	4030	28	1	1	27.9581	15	0	0
0.471929	DL	47	1	0	1	12	3	0	19	2409	20	1	1	7.68608	9	0	0.00151432
0.471929	DL	47	1	0	1	12	3	0	22	4030	28	1	1	16.9308	12	0	0
0.472929	DL	47	2	0	1	12	3	0	6	4030	28	1	1	31.2233	15	0	0
0.472929	DL	47	2	0	1	12	3	0	9	1752	16	1	1	15.8188	12	0	0
0.473143	DL	47	3	0	1	1	3	0	22	3725	26	1	0	21.0291	13	1	0.995886
0.473214	DL	47	3	0	2	1	3	0	21	4030	28	1	0	40.0886	15	0	0
0.473286	DL	47	3	0	3	1	3	0	20	4030	28	1	0	33.1934	15	0	0
0.473357	DL	47	3	0	4	1	3	0	19	1081	12	1	0	7.23412	7	0	0
0.473429	DL	47	3	0	5	1	3	0	18	4030	28	1	0	55.9721	15	0	0
0.4735	DL	47	3	0	6	1	3	0	12	4030	28	1	0	59.1228	15	0	0
0.473571	DL	47	3	0	7	1	3	0	11	3285	24	1	0	15.7443	12	1	0.9999
0.473643	DL	47	3	0	8	1	3	0	10	4030	28	1	0	27.5785	15	0	2.2185e-06
0.473714	DL	47	3	0	9	1	3	0	9	1404	14	1	0	7.71027	8	0	0
0.473786	DL	47	3	0	10	1	3	0	8	4030	28	1	0	26.099	15	0	0.00237589
0.473857	DL	47	3	0	11	1	3	0	7	4030	28	1	0	50.851	15	0	0
0.474143	DL	47	4	0	1	1	3	0	22	3725	26	1	0	21.5425	14	0	0.0182008
0.474214	DL	47	4	0	2	1	3	0	21	4030	28	1	0	40.0219	15	0	0
0.474286	DL	47	4	0	3	1	3	0	20	4030	28	1	0	32.9948	15	0	0
0.474357	DL	47	4	0	4	1	3	0	19	2409	20	1	0	6.61835	7	1	1
0.474429	DL	47	4	0	5	1	3	0	18	4030	28	1	0	55.937	15	0	0
0.4745	DL	47	4	0	6	1	3	0	12	4030	28	1	0	59.2994	15	0	0
0.474571	DL	47	4	0	7	1	3	0	11	3285	24	1	0	15.8337	12	1	0.997346
0.474643	DL	47	4	0	8	1	3	0	10	4030	28	1	0	27.9766	15	0	0.000156748
0.474714	DL	47	4	0	9	1	3	0	9	1404	14	1	0	8.03127	8	0	0
0.474786	DL	47	4	0	10	1	3	0	8	4030	28	1	0	26.1377	15	0	0.00149088
0.474857	DL	47	4	0	11	1	3	0	7	4030	28	1	0	50.7588	15	0	0
0.474929	DL	47	4	0	12	1	3	0	6	3725	26	1	0	24.0141	14	0	0
0.475143	DL	47	5	0	1	1	3	0	22	3725	26	1	0	21.6566	14	0	0.0808828
0.475214	DL	47	5	0	2	1	3	0	21	4030	28	1	0	39.8463	15	0	0
0.475286	DL	47	5	0	3	1	3	0	20	4030	28	1	0	32.8666	15	0	0
0.475357	DL	47	5	0	4	1	3	0	19	1752	16	1	0	6.73248	7	1	1
0.475429	DL	47	5	0	5	1	3	0	18	4030	28	1	0	56.1174	15	0	0
0.4755	DL	47	5	0	6	1	3	0	12	4030	28	1	0	59.3295	15	0	0
0.475571	DL	47	5	0	7	1	3	0	11	3285	24	1	0	15.8629	12	1	0.975361
0.475643	DL	47	5	0	8	1	3	0	10	4030	28	1	0	28.044	15	0	3.10144e-09
0.475714	DL	47	5	0	9	1	3	0	9	1404	14	1	0	8.00498	8	0	0
0.475786	DL	47	5	0	10	1	3	0	8	4030	28	1	0	25.6837	15	1	0.032778
0.475857	DL	47	5	0	11	1	3	0	7	4030	28	1	0	50.8026	15	0	0
0.476143	DL	47	6	0	1	1	3	0	22	3725	26	1	0	21.0672	14	0	0.0585932
0.476214	DL	47	6	0	2	1	3	0	21	4030	28	1	0	40.0645	15	0	0
0.476286	DL	47	6	0	3	1	3	0	20	4030	28	1	0	32.6746	15	0	0
0.476357	DL	47	6	0	4	1	3	0	19	2849	22	1	0	6.71706	7	1	1
0.476429	DL	47	6	0	5	1	3	0	18	4030	28	1	0	56.0336	15	0	0
0.4765	DL	47	6	0	6	1	3	0	12	4030	28	1	0	59.1809	15	0	0
0.476571	DL	47	6	0	7	1	3	0	11	3285	24	1	0	15.7291	12	1	0.998434
0.476643	DL	47	6	0	8	1	3	0	10	4030	28	1	0	28.0793	15	0	2.57682e-08
0.476714	DL	47	6	0	9	1	3	0	9	1404	14	1	0	7.51601	8	0	0
0.476786	DL	47	6	0	10	1	3	0	8	4030	28	1	0	25.7506	15	0	0.00368069
0.476857	DL	47	6	0	11	1	3	0	7	4030	28	1	0	50.6301	15	0	0
0.476929	DL	47	6	0	12	1	3	0	6	3725	26	1	0	23.6839	14	0	5.24025e-13
0.477143	DL	47	7	0	1	1	3	0	22	2849	22	1	0	22.6295	14	0	0
0.477214	DL	47	7	0	2	1	3	0	21	4030	28	1	0	40.1639	15	0	0
0.477286	DL	47	7	0	3	1	3	0	20	4030	28	1	0	32.8731	15	0	0
0.477357	DL	47	7	0	4	1	3	0	19	1752	16	1	0	6.74423	7	1	1
0.477429	DL	47	7	0	5	1	3	0	18	4030	28	1	0	55.999	15	0	0
0.4775	DL	47	7	0	6	1	3	0	12	4030	28	1	0	59.2064	15	0	0
0.477571	DL	47	7	0	7	1	3	0	11	3285	24	1	0	15.712	12	1	0.999893
0.477643	DL	47	7	0	8	1	3	0	10	4030	28	1	0	27.5997	15	0	5.10811e-08
0.477714	DL	47	7	0	9	1	3	0	9	1404	14	1	0	7.7044	8	0	0
0.477786	DL	47	7	0	10	1	3	0	8	4030	28	1	0	25.8657	15	0	0.0137446
0.477857	DL	47	7	0	11	1	3	0	7	4030	28	1	0	50.7498	15	0	0
0.477929	DL	47	7	0	12	1	3	0	6	4030	28	1	0	23.8266	14	1	0.999998
0.478929	DL	47	8	0	1	12	3	0	11	3285	24	1	1	23.5333	15	0	0
0.478929	DL	47	8	0	1	12	3	0	22	3725	26	1	1	0.855492	5	0	0
0.479929	DL	47	9	0	1	12	3	0	11	3285	24	1	1	22.0266	15	0	0
0.479929	DL	47	9	0	1	12	3	0	19	2409	20	1	1	7.81435	9	0	2.49134e-13
0.480929	DL	48	0	0	1	12	3	0	8	4030	28	1	1	31.597	15	0	0
0.480929	DL	48	0	0	1	12	3	0	11	3285	24	1	1	8.32452	8	0	0
0.480929	DL	48	0	0	1	12	3	0	19	1752	16	1	1	10.9292	10	0	0
0.481857	DL	48	1	0	1	11	3	0	11	3285	24	1	1	23.0249	15	0	0
0.481857	DL	48	1	0	1	11	3	0	19	2849	22	1	1	12.8727	11	0	0
0.482929	DL	48	2	0	1	12	3	0	6	4030	28	1	1	6.70414	7	0	0
0.482929	DL	48	2	0	1	12	3	0	11	3285	24	1	1	21.6521	15	0	0
0.482929	DL	48	2	0	1	12	3	0	19	1752	16	1	1	5.63032	8	0	0
0.483143	DL	48	3	0	1	1	3	0	22	3725	26	1	0	21.5242	14	0	0.00106239
0.483214	DL	48	3	0	2	1	3	0	21	4030	28	1	0	40.2801	15	0	0
0.483286	DL	48	3	0	3	1	3	0	20	4030	28	1	0	32.8379	15	0	0
0.483357	DL	48	3	0	4	1	3	0	19	1081	12	1	0	5.97774	6	0	0.118502
0.483429	DL	48	3	0	5	1	3	0	18	4030	28	1	0	55.933	15	0	0
0.4835	DL	48	3	0	6	1	3	0	12	4030	28	1	0	59.4672	15	0	0
0.483571	DL	48	3	0	7	1	3	0	11	2849	22	1	0	15.227	12	0	3.0244e-10
0.483643	DL	48	3	0	8	1	3	0	10	4030	28	1	0	28.0222	15	0	6.84303e-10
0.483714	DL	48	3	0	9	1	3	0	9	1404	14	1	0	7.34304	8	0	6.06182e-14
0.483786	DL	48	3	0	10	1	3	0	8	4030	28	1	0	26.6897	15	0	0.000199061
0.483857	DL	48	3	0	11	1	3	0	7	4030	28	1	0	50.642	15	0	0
0.483929	DL	48	3	0	12	1	3	0	6	3725	26	1	0	23.6523	14	0	5.1649e-10
0.484143	DL	48	4	0	1	1	3	0	22	641	8	1	0	23.4546	14	0	0
0.484214	DL	48	4	0	2	1	3	0	21	4030	28	1	0	40.3073	15	0	0
0.484286	DL	48	4	0	3	1	3	0	20	4030	28	1	0	32.7895	15	0	0
0.484357	DL	48	4	0	4	1	3	0	19	1081	12	1	0	6.14489	7	0	1.79275e-10
0.484429	DL	48	4	0	5	1	3	0	18	4030	28	1	0	55.9085	15	0	0
0.4845	DL	48	4	0	6	1	3	0	12	4030	28	1	0	59.3748	15	0	0
0.484571	DL	48	4	0	7	1	3	0	11	4030	28	1	0	15.5376	12	1	1
0.484643	DL	48	4	0	8	1	3	0	10	4030	28	1	0	27.7315	15	0	0.000156423
0.484714	DL	48	4	0	9	1	3	0	9	1404	14	1	0	7.08557	8	0	1.22772e-08
0.484786	DL	48	4	0	10	1	3	0	8	4030	28	1	0	26.9215	15	0	1.3466e-05
0.484857	DL	48	4	0	11	1	3	0	7	4030	28	1	0	50.5914	15	0	0
0.485143	DL	48	5	0	1	1	3	0	22	641	8	1	0	21.7478	14	0	0
0.485214	DL	48	5	0	2	1	3	0	21	4030	28	1	0	40.3453	15	0	0
0.485286	DL	48	5	0	3	1	3	0	20	4030	28	1	0	32.6249	15	0	0
0.485357	DL	48	5	0	4	1	3	0	19	1752	16	1	0	6.11631	7	1	1
0.485429	DL	48	5	0	5	1	3	0	18	4030	28	1	0	56.1745	15	0	0
0.4855	DL	48	5	0	6	1	3	0	12	4030	28	1	0	59.3174	15	0	0
0.485571	DL	48	5	0	7	1	3	0	11	4030	28	1	0	15.7549	12	1	1
0.485643	DL	48	5	0	8	1	3	0	10	4030	28	1	0	27.9843	15	0	7.69992e-07
0.485714	DL	48	5	0	9	1	3	0	9	1404	14	1	0	7.00429	8	0	2.79988e-07
0.485786	DL	48	5	0	10	1	3	0	8	4030	28	1	0	26.7732	15	0	1.66981e-05
0.485857	DL	48	5	0	11	1	3	0	7	4030	28	1	0	50.8009	15	0	0
0.486143	DL	48	6	0	1	1	3	0	22	641	8	1	0	23.0094	14	0	0
0.486214	DL	48	6	0	2	1	3	0	21	4030	28	1	0	40.2801	15	0	0
0.486286	DL	48	6	0	3	1	3	0	20	4030	28	1	0	32.3834	15	0	0
0.486357	DL	48	6	0	4	1	3	0	19	1972	18	1	0	6.01474	7	1	1
0.486429	DL	48	6	0	5	1	3	0	18	4030	28	1	0	56.2752	15	0	0
0.4865	DL	48	6	0	6	1	3	0	12	4030	28	1	0	59.3137	15	0	0
0.486571	DL	48	6	0	7	1	3	0	11	1404	14	1	0	15.546	12	0	0
0.486643	DL	48	6	0	8	1	3	0	10	4030	28	1	0	27.8826	15	0	2.63826e-05
0.486714	DL	48	6	0	9	1	3	0	9	1404	14	1	0	6.82951	8	0	0.000100512
0.486786	DL	48	6	0	10	1	3	0	8	4030	28	1	0	26.7372	15	0	2.23771e-05
0.486857	DL	48	6	0	11	1	3	0	7	4030	28	1	0	50.9681	15	0	0
0.486929	DL	48	6	0	12	1	3	0	6	3725	26	1	0	23.4194	14	0	9.54792e-14
0.487143	DL	48	7	0	1	1	3	0	22	641	8	1	0	22.845	14	0	0
0.487214	DL	48	7	0	2	1	3	0	21	4030	28	1	0	40.5635	15	0	0
0.487286	DL	48	7	0	3	1	3	0	20	4030	28	1	0	32.1346	15	0	0
0.487357	DL	48	7	0	4	1	3	0	19	2409	20	1	0	6.67139	7	1	1
0.487429	DL	48	7	0	5	1	3	0	18	4030	28	1	0	56.3707	15	0	0
0.4875	DL	48	7	0	6	1	3	0	12	4030	28	1	0	59.4329	15	0	0
0.487571	DL	48	7	0	7	1	3	0	11	4030	28	1	0	15.47	12	1	1
0.487643	DL	48	7	0	8	1	3	0	10	4030	28	1	0	27.4664	15	0	3.81292e-07
0.487714	DL	48	7	0	9	1	3	0	9	1404	14	1	0	7.14637	8	0	9.27725e-10
0.487786	DL	48	7	0	10	1	3	0	8	4030	28	1	0	26.9252	15	0	4.70438e-05
0.487857	DL	48	7	0	11	1	3	0	7	4030	28	1	0	51.1212	15	0	0
0.487929	DL	48	7	0	12	1	3	0	6	3725	26	1	0	23.2801	14	0	2.58419e-08
0.488143	DL	48	8	0	1	1	3	0	22	641	8	1	0	22.458	14	0	0
0.488214	DL	48	8	0	2	1	3	0	21	4030	28	1	0	40.5681	15	0	0
0.488286	DL	48	8	0	3	1	3	0	20	4030	28	1	0	31.8763	15	0	0
0.488357	DL	48	8	0	4	1	3	0	19	1404	14	1	0	6.2637	7	1	1
0.488429	DL	48	8	0	5	1	3	0	18	4030	28	1	0	56.6192	15	0	0
0.4885	DL	48	8	0	6	1	3	0	12	4030	28	1	0	59.4108	15	0	0
0.488571	DL	48	8	0	7	1	3	0	11	4030	28	1	0	15.8033	12	1	1
0.488643	DL	48	8	0	8	1	3	0	10	4030	28	1	0	27.556	15	0	2.57535e-05
0.488714	DL	48	8	0	9	1	3	0	9	1404	14	1	0	6.93396	8	0	3.61968e-06
0.488786	DL	48	8	0	10	1	3	0	8	4030	28	1	0	26.9416	15	0	4.35541e-05
0.488857	DL	48	8	0	11	1	3	0	7	4030	28	1	0	51.107	15	0	0
0.488929	DL	48	8	0	12	1	3	0	6	1081	12	1	0	23.2532	14	0	0
0.489929	DL	48	9	0	1	12	3	0	11	4030	28	1	1	24.6577	15	0	0
0.490857	DL	49	0	0	1	11	3	0	11	4030	28	1	1	22.407	15	0	0
0.490857	DL	49	0	0	1	11	3	0	19	1752	16	1	1	10.1144	9	0	0
0.491929	DL	49	1	0	1	12	3	0	19	1972	18	1	1	14.2382	11	0	0
0.492929	DL	49	2	0	1	12	3	0	11	4030	28	1	1	23.1898	15	0	0
0.492929	DL	49	2	0	1	12	3	0	19	2409	20	1	1	15.256	11	0	0
0.493857	DL	49	3	0	1	11	3	0	11	4030	28	1	1	9.97404	9	0	0
0.493857	DL	49	3	0	1	11	3	0	19	1404	14	1	1	10.2083	9	0	0
0.494143	DL	49	4	0	1	1	3	0	22	3725	26	1	0	22.7257	14	0	2.97228e-07
0.494214	DL	49	4	0	2	1	3	0	19	1081	12	1	0	7.21815	7	0	0
0.494286	DL	49	4	0	3	1	3	0	11	2849	22	1	0	15.8072	12	0	0
0.494357	DL	49	4	0	4	1	3	0	10	4030	28	1	0	27.8031	15	0	2.63393e-05
0.494429	DL	49	4	0	5	1	3	0	9	1404	14	1	0	7.26252	8	0	3.08242e-12
0.4945	DL	49	4	0	6	1	3	0	8	4030	28	1	0	26.5957	15	0	9.81642e-05
0.494571	DL	49	4	0	7	1	3	0	6	3725	26	1	0	23.6422	14	0	2.92631e-07
0.494643	DL	49	4	0	8	1	3	0	5	114	0	1	0	15.9725	11	0	0
0.494714	DL	49	4	0	9	1	3	0	4	114	0	1	0	48.1741	15	0	0
0.494786	DL	49	4	0	10	1	3	0	3	114	0	1	0	48.8481	15	0	0
0.494857	DL	49	4	0	11	1	3	0	2	114	0	1	0	30.5152	15	0	0
0.495143	DL	49	5	0	1	1	3	0	22	3725	26	1	0	21.54	14	0	0.000518061
0.495214	DL	49	5	0	2	1	3	0	19	1081	12	1	0	7.64533	7	0	0
0.495286	DL	49	5	0	3	1	3	0	11	4030	28	1	0	15.7684	12	1	1
0.495357	DL	49	5	0	4	1	3	0	9	1404	14	1	0	7.29874	8	0	6.23057e-13
0.495429	DL	49	5	0	5	1	3	0	8	4030	28	1	0	26.3988	15	0	0.000102898
0.4955	DL	49	5	0	6	1	3	0	6	3725	26	1	0	23.846	14	0	1.32672e-13
0.495571	DL	49	5	0	7	1	3	0	5	114	0	1	0	15.3005	11	0	0
0.495643	DL	49	5	0	8	1	3	0	4	114	0	1	0	48.3169	15	0	0
0.495714	DL	49	5	0	9	1	3	0	3	114	0	1	0	48.8587	15	0	0
0.495786	DL	49	5	0	10	1	3	0	2	114	0	1	0	30.7578	15	0	0
0.495929	DL	49	5	0	11	2	3	0	1	231	0	1	0	4.08023	5	0	0
0.496143	DL	49	6	0	1	1	3	0	22	3725	26	1	0	23.0057	14	0	1.17756e-07
0.496214	DL	49	6	0	2	1	3	0	19	1752	16	1	0	7.43507	7	1	1
0.496286	DL	49	6	0	3	1	3	0	11	4030	28	1	0	15.7681	12	1	1
0.496357	DL	49	6	0	4	1	3	0	9	1404	14	1	0	7.13274	8	0	1.57772e-09
0.496429	DL	49	6	0	5	1	3	0	6	3725	26	1	0	23.7329	14	0	5.66214e-13
0.4965	DL	49	6	0	6	1	3	0	5	114	0	1	0	15.3787	11	0	0
0.496571	DL	49	6	0	7	1	3	0	4	114	0	1	0	48.3291	15	0	0
0.496643	DL	49	6	0	8	1	3	0	3	114	0	1	0	48.7888	15	0	0
0.496786	DL	49	6	0	9	2	3	0	2	231	0	1	0	30.6462	15	0	0
0.496929	DL	49	6	0	11	2	3	0	1	231	0	1	0	4.31025	5	0	0
0.497143	DL	49	7	0	1	1	3	0	22	3725	26	1	0	21.6515	14	0	0.00706335
0.497214	DL	49	7	0	2	1	3	0	19	2409	20	1	0	7.3522	7	1	1
0.497286	DL	49	7	0	3	1	3	0	11	4030	28	1	0	15.7065	12	1	1
0.497357	DL	49	7	0	4	1	3	0	9	1404	14	1	0	7.19996	8	0	7.96661e-11
0.497429	DL	49	7	0	5	1	3	0	6	3725	26	1	0	23.9483	15	0	0
0.4975	DL	49	7	0	6	1	3	0	5	114	0	1	0	15.9412	11	0	0
0.497571	DL	49	7	0	7	1	3	0	4	114	0	1	0	48.3393	15	0	0
0.497643	DL	49	7	0	8	1	3	0	3	114	0	1	0	48.6774	15	0	0
0.497786	DL	49	7	0	9	2	3	0	2	231	0	1	0	30.4427	15	0	0
0.497929	DL	49	7	0	11	2	3	0	1	231	0	1	0	4.28748	5	0	0
0.498143	DL	49	8	0	1	1	3	0	22	3725	26	1	0	23.0965	14	0	3.66054e-10
0.498214	DL	49	8	0	2	1	3	0	19	2409	20	1	0	7.67851	7	1	1
0.498286	DL	49	8	0	3	1	3	0	11	4030	28	1	0	15.77	12	1	1
0.498357	DL	49	8	0	4	1	3	0	9	1404	14	1	0	7.02439	8	0	1.23404e-07
0.498429	DL	49	8	0	5	1	3	0	6	3725	26	1	0	23.742	14	0	3.31402e-12
0.4985	DL	49	8	0	6	1	3	0	5	114	0	1	0	15.423	11	0	0
0.498571	DL	49	8	0	7	1	3	0	4	114	0	1	0	48.401	15	0	0
0.498643	DL	49	8	0	8	1	3	0	3	114	0	1	0	48.7243	15	0	0
0.498786	DL	49	8	0	9	2	3	0	2	231	0	1	0	30.5513	15	0	0
0.498929	DL	49	8	0	11	2	3	0	1	231	0	1	0	4.2183	5	0	0
0.499143	DL	49	9	0	1	1	3	0	22	3725	26	1	0	22.4794	14	0	0.000180267
0.499214	DL	49	9	0	2	1	3	0	19	1752	16	1	0	7.32137	7	1	1
0.499286	DL	49	9	0	3	1	3	0	11	1752	16	1	0	15.9598	12	0	0
0.499357	DL	49	9	0	4	1	3	0	9	1404	14	1	0	7.06685	8	0	2.8911e-08
0.499429	DL	49	9	0	5	1	3	0	6	3725	26	1	0	23.6378	14	0	1.38303e-07
0.4995	DL	49	9	0	6	1	3	0	5	114	0	1	0	16.3449	11	0	0
0.499571	DL	49	9	0	7	1	3	0	4	114	0	1	0	48.6711	15	0	0
0.499643	DL	49	9	0	8	1	3	0	3	114	0	1	0	48.7229	15	0	0
0.499786	DL	49	9	0	9	2	3	0	2	231	0	1	0	30.5092	15	0	0
0.499929	DL	49	9	0	11	2	3	0	1	231	0	1	0	4.11858	5	0	0
0.500929	DL	50	0	0	1	12	3	0	11	4030	28	1	1	25.8956	15	0	0
0.501857	DL	50	1	0	1	11	3	0	11	4030	28	1	1	22.0595	15	0	0
0.501857	DL	50	1	0	1	11	3	0	19	1752	16	1	1	6.4921	9	0	0
0.502929	DL	50	2	0	1	12	3	0	11	4030	28	1	1	21.9984	15	0	0
0.502929	DL	50	2	0	1	12	3	0	19	2409	20	1	1	13.7515	11	0	0
0.503929	DL	50	3	0	1	12	3	0	11	4030	28	1	1	23.3476	15	0	0
0.503929	DL	50	3	0	1	12	3	0	19	2409	20	1	1	13.8026	11	0	0
0.504929	DL	50	4	0	1	12	3	0	19	1752	16	1	1	18.4366	14	0	0
0.505143	DL	50	5	0	1	1	3	0	22	3725	26	1	0	23.0364	14	0	1.72007e-11
0.505214	DL	50	5	0	2	1	3	0	19	1081	12	1	0	6.57803	7	0	1.66533e-14
0.505286	DL	50	5	0	3	1	3	0	11	2849	22	1	0	14.9233	12	0	3.90258e-05
0.505357	DL	50	5	0	4	1	3	0	9	1404	14	1	0	6.91176	8	0	7.74631e-06
0.505429	DL	50	5	0	5	1	3	0	6	3725	26	1	0	23.9207	14	0	6.24684e-11
0.5055	DL	50	5	0	6	1	3	0	5	2409	20	1	0	16.7242	11	0	0
0.505571	DL	50	5	0	7	1	3	0	4	4030	28	1	0	48.34	15	0	0
0.505643	DL	50	5	0	8	1	3	0	3	4030	28	1	0	48.3997	15	0	0
0.505786	DL	50	5	0	9	2	3	0	2	8060	28	1	0	30.258	15	0	1.1651e-09
0.505929	DL	50	5	0	11	2	3	0	1	1286	8	1	0	4.02049	5	0	0
0.506143	DL	50	6	0	1	1	3	0	22	3725	26	1	0	22.9102	14	0	7.67598e-09
0.506214	DL	50	6	0	2	1	3	0	19	1081	12	1	0	6.35255	7	0	1.14346e-11
0.506286	DL	50	6	0	3	1	3	0	11	4030	28	1	0	15.056	12	1	1
0.506357	DL	50	6	0	4	1	3	0	9	1404	14	1	0	6.80954	8	0	0.000179458
0.506429	DL	50	6	0	5	1	3	0	6	3725	26	1	0	23.584	14	0	1.11022e-15
0.5065	DL	50	6	0	6	1	3	0	5	2409	20	1	0	17.4634	12	0	0
0.506571	DL	50	6	0	7	1	3	0	4	4030	28	1	0	48.3801	15	0	0
0.506643	DL	50	6	0	8	1	3	0	3	4030	28	1	0	48.3639	15	0	0
0.506714	DL	50	6	0	9	1	3	0	2	4030	28	1	0	30.4704	15	0	1.06659e-10
0.506857	DL	50	6	0	10	2	3	0	1	1286	8	1	0	3.66923	5	0	0
0.507143	DL	50	7	0	1	1	3	0	22	3725	26	1	0	22.2496	14	0	1.76706e-08
0.507214	DL	50	7	0	2	1	3	0	19	1752	16	1	0	5.8718	7	1	1
0.507286	DL	50	7	0	3	1	3	0	11	4030	28	1	0	15.0859	12	1	1
0.507357	DL	50	7	0	4	1	3	0	9	1404	14	1	0	6.8095	8	0	0.000173162
0.507429	DL	50	7	0	5	1	3	0	6	3725	26	1	0	23.4194	14	0	0
0.5075	DL	50	7	0	6	1	3	0	5	2409	20	1	0	16.7145	11	0	0
0.507571	DL	50	7	0	7	1	3	0	4	4030	28	1	0	48.5108	15	0	0
0.507643	DL	50	7	0	8	1	3	0	3	4030	28	1	0	48.3149	15	0	0
0.507786	DL	50	7	0	9	2	3	0	2	8060	28	1	0	30.3937	15	0	2.56676e-10
0.507929	DL	50	7	0	11	2	3	0	1	1286	8	1	0	3.71302	5	0	0
0.508143	DL	50	8	0	1	1	3	0	22	3725	26	1	0	23.2066	14	0	6.24775e-10
0.508214	DL	50	8	0	2	1	3	0	19	2409	20	1	0	5.67619	7	1	1
0.508286	DL	50	8	0	3	1	3	0	11	4030	28	1	0	15.296	12	1	1
0.508357	DL	50	8	0	4	1	3	0	9	1404	14	1	0	7.00031	8	0	3.31958e-07
0.508429	DL	50	8	0	5	1	3	0	6	3725	26	1	0	23.2604	14	0	5.41086e-05
0.5085	DL	50	8	0	6	1	3	0	5	2409	20	1	0	16.9293	12	0	0
0.508571	DL	50	8	0	7	1	3	0	4	4030	28	1	0	48.766	15	0	0
0.508643	DL	50	8	0	8	1	3	0	3	4030	28	1	0	48.4408	15	0	0
0.508786	DL	50	8	0	9	2	3	0	2	8060	28	1	0	30.2286	15	0	3.38749e-11
0.508929	DL	50	8	0	11	2	3	0	1	1286	8	1	0	4.12497	5	0	0
0.509143	DL	50	9	0	1	1	3	0	22	3725	26	1	0	21.4425	14	0	0.00395972
0.509214	DL	50	9	0	2	1	3	0	19	2409	20	1	0	5.5661	6	1	1
0.509286	DL	50	9	0	3	1	3	0	11	4030	28	1	0	15.4271	12	1	1
0.509357	DL	50	9	0	4	1	3	0	9	1404	14	1	0	6.8163	8	0	0.000148514
0.509429	DL	50	9	0	5	1	3	0	6	3725	26	1	0	23.217	14	0	2.10548e-07
0.5095	DL	50	9	0	6	1	3	0	5	2409	20	1	0	17.3274	12	0	0
0.509571	DL	50	9	0	7	1	3	0	4	4030	28	1	0	48.9422	15	0	0
0.509643	DL	50	9	0	8	1	3	0	3	4030	28	1	0	48.2557	15	0	0
0.509786	DL	50	9	0	9	2	3	0	2	8060	28	1	0	30.2539	15	0	7.72071e-12
0.509929	DL	50	9	0	11	2	3	0	1	1286	8	1	0	3.65778	5	0	0
0.510143	DL	51	0	0	1	1	3	0	22	3725	26	1	0	23.1921	14	0	6.71802e-11
0.510214	DL	51	0	0	2	1	3	0	19	3725	26	1	0	5.41113	6	1	1
0.510286	DL	51	0	0	3	1	3	0	9	1404	14	1	0	6.76247	8	0	0.000651459
0.510357	DL	51	0	0	4	1	3	0	6	3725	26	1	0	23.3825	14	0	4.21029e-07
0.510429	DL	51	0	0	5	1	3	0	5	2409	20	1	0	17.1566	12	0	0
0.5105	DL	51	0	0	6	1	3	0	4	4030	28	1	0	49.0674	15	0	0
0.510643	DL	51	0	0	7	2	3	0	3	8060	28	1	0	48.3356	15	0	0
0.510786	DL	51	0	0	9	2	3	0	2	8060	28	1	0	30.3979	15	0	3.96172e-12
0.510929	DL	51	0	0	11	2	3	0	1	1286	8	1	0	3.59333	5	0	0
0.511929	DL	51	1	0	1	12	3	0	11	4030	28	1	1	25.7019	15	0	0
0.512929	DL	51	2	0	1	12	3	0	11	4030	28	1	1	22.2813	15	0	0
0.512929	DL	51	2	0	1	12	3	0	19	1752	16	1	1	7.91706	8	0	0
0.513929	DL	51	3	0	1	12	3	0	11	4030	28	1	1	8.59815	9	0	5.39522e-11
0.513929	DL	51	3	0	1	12	3	0	19	2409	20	1	1	10.5228	8	0	0
0.514929	DL	51	4	0	1	12	3	0	11	4030	28	1	1	22.4217	15	0	0
0.514929	DL	51	4	0	1	12	3	0	19	2409	20	1	1	13.9376	11	0	0
0.515857	DL	51	5	0	1	11	3	0	19	3725	26	1	1	12.8317	10	0	0
0.516143	DL	51	6	0	1	1	3	0	22	3725	26	1	0	21.6285	14	0	0.00669285
0.516214	DL	51	6	0	2	1	3	0	19	876	10	1	0	6.22008	7	0	0
0.516286	DL	51	6	0	3	1	3	0	9	1404	14	1	0	7.03371	8	0	1.09229e-07
0.516357	DL	51	6	0	4	1	3	0	6	3725	26	1	0	23.7953	14	0	3.21965e-14
0.516429	DL	51	6	0	5	1	3	0	5	2849	22	1	0	17.4252	12	0	5.11892e-07
0.5165	DL	51	6	0	6	1	3	0	4	4030	28	1	0	48.8402	15	0	0
0.516643	DL	51	6	0	7	2	3	0	3	8060	28	1	0	48.4938	15	0	0
0.516786	DL	51	6	0	9	2	3	0	2	8060	28	1	0	29.9691	15	0	7.08612e-10
0.516929	DL	51	6	0	11	2	3	0	1	1286	8	1	0	3.59043	5	0	0
0.517143	DL	51	7	0	1	1	3	0	22	3725	26	1	0	22.6806	14	0	4.32582e-08
0.517214	DL	51	7	0	2	1	3	0	19	876	10	1	0	6.53901	7	0	0
0.517286	DL	51	7	0	3	1	3	0	9	1404	14	1	0	7.06051	8	0	3.13182e-08
0.517357	DL	51	7	0	4	1	3	0	6	3725	26	1	0	23.614	14	0	3.47689e-11
0.517429	DL	51	7	0	5	1	3	0	5	2849	22	1	0	17.7444	12	0	4.21716e-11
0.5175	DL	51	7	0	6	1	3	0	4	4030	28	1	0	49.0103	15	0	0
0.517643	DL	51	7	0	7	2	3	0	3	8060	28	1	0	48.1625	15	0	0
0.517786	DL	51	7	0	9	2	3	0	2	8060	28	1	0	29.7574	15	0	6.11617e-10
0.517929	DL	51	7	0	11	2	3	0	1	1286	8	1	0	3.62274	5	0	0
0.518143	DL	51	8	0	1	1	3	0	22	3725	26	1	0	21.936	14	0	0.0144567
0.518214	DL	51	8	0	2	1	3	0	19	1404	14	1	0	7.10243	7	1	1
0.518286	DL	51	8	0	3	1	3	0	9	1404	14	1	0	6.99799	8	0	3.85723e-07
0.518357	DL	51	8	0	4	1	3	0	6	3725	26	1	0	23.5475	14	0	2.20976e-07
0.518429	DL	51	8	0	5	1	3	0	5	2849	22	1	0	18.4632	12	0	8.88178e-15
0.5185	DL	51	8	0	6	1	3	0	4	4030	28	1	0	48.8326	15	0	0
0.518643	DL	51	8	0	7	2	3	0	3	8060	28	1	0	48.2657	15	0	0
0.518786	DL	51	8	0	9	2	3	0	2	8060	28	1	0	29.6835	15	0	1.68288e-10
0.518929	DL	51	8	0	11	2	3	0	1	1286	8	1	0	3.38325	5	0	0
0.519143	DL	51	9	0	1	1	3	0	22	3725	26	1	0	21.891	14	0	9.90584e-06
0.519214	DL	51	9	0	2	1	3	0	19	1404	14	1	0	6.99965	7	1	0.998486
0.519286	DL	51	9	0	3	1	3	0	9	1404	14	1	0	6.95533	8	0	1.68703e-06
0.519357	DL	51	9	0	4	1	3	0	6	3725	26	1	0	23.5987	14	0	1.39814e-07
0.519429	DL	51	9	0	5	1	3	0	5	2849	22	1	0	17.1938	12	0	0.00569715
0.5195	DL	51	9	0	6	1	3	0	4	4030	28	1	0	48.8584	15	0	0
0.519643	DL	51	9	0	7	2	3	0	3	8060	28	1	0	48.1796	15	0	0
0.519786	DL	51	9	0	9	2	3	0	2	8060	28	1	0	29.4809	15	0	3.75982e-10
0.519929	DL	51	9	0	11	2	3	0	1	1286	8	1	0	3.40468	5	0	0
0.520143	DL	52	0	0	1	1	3	0	22	3725	26	1	0	22.6166	14	0	2.28819e-06
0.520214	DL	52	0	0	2	1	3	0	19	2409	20	1	0	7.45239	7	1	1
0.520286	DL	52	0	0	3	1	3	0	9	1404	14	1	0	7.12448	8	0	2.67943e-09
0.520357	DL	52	0	0	4	1	3	0	6	3725	26	1	0	23.9027	14	0	6.80894e-11
0.520429	DL	52	0	0	5	1	3	0	5	2849	22	1	0	17.3623	12	0	1.48175e-05
0.5205	DL	52	0	0	6	1	3	0	4	4030	28	1	0	48.7212	15	0	0
0.520643	DL	52	0	0	7	2	3	0	3	8060	28	1	0	47.913	15	0	0
0.520786	DL	52	0	0	9	2	3	0	2	8060	28	1	0	29.3944	15	0	1.03428e-07
0.520929	DL	52	0	0	11	2	3	0	1	1286	8	1	0	3.42664	5	0	0
0.521143	DL	52	1	0	1	1	3	0	22	3725	26	1	0	21.2319	14	0	0.0100612
0.521214	DL	52	1	0	2	1	3	0	19	1972	18	1	0	7.60605	7	1	1
0.521286	DL	52	1	0	3	1	3	0	9	1404	14	1	0	7.13605	8	0	1.2749e-09
0.521357	DL	52	1	0	4	1	3	0	6	3725	26	1	0	24.0409	14	0	2.22045e-15
0.521429	DL	52	1	0	5	1	3	0	5	2849	22	1	0	18.0708	12	0	4.87023e-08
0.5215	DL	52	1	0	6	1	3	0	4	4030	28	1	0	48.7561	15	0	0
0.521643	DL	52	1	0	7	2	3	0	3	8060	28	1	0	47.9068	15	0	0
0.521786	DL	52	1	0	9	2	3	0	2	8060	28	1	0	29.4332	15	0	5.47541e-09
0.521929	DL	52	1	0	11	2	3	0	1	1286	8	1	0	2.98836	5	0	8.10685e-13
0.522143	DL	52	2	0	1	1	3	0	22	3725	26	1	0	22.7023	14	0	1.15775e-06
0.522214	DL	52	2	0	2	1	3	0	19	1081	12	1	0	7.39006	7	0	0
0.522286	DL	52	2	0	3	1	3	0	9	1404	14	1	0	6.79267	8	0	0.000281844
0.522357	DL	52	2	0	4	1	3	0	6	3725	26	1	0	24.0749	14	0	7.79585e-08
0.522429	DL	52	2	0	5	1	3	0	5	2849	22	1	0	17.4678	12	0	0.0620117
0.5225	DL	52	2	0	6	1	3	0	4	4030	28	1	0	48.617	15	0	0
0.522643	DL	52	2	0	7	2	3	0	3	8060	28	1	0	47.7335	15	0	0
0.522786	DL	52	2	0	9	2	3	0	2	8060	28	1	0	29.6146	15	0	1.81848e-08
0.522929	DL	52	2	0	11	2	3	0	1	1286	8	1	0	3.05306	5	0	4.44089e-16
0.523857	DL	52	3	0	1	11	3	0	19	1404	14	1	1	14.4546	11	0	0
0.524929	DL	52	4	0	1	12	3	0	19	1404	14	1	1	15.4206	12	0	0
0.525929	DL	52	5	0	1	12	3	0	19	2409	20	1	1	11.1056	9	0	0
0.526929	DL	52	6	0	1	12	3	0	19	1972	18	1	1	17.1428	13	0	0
0.527143	DL	52	7	0	1	1	3	0	22	3725	26	1	0	22.4731	14	0	3.32116e-05
0.527214	DL	52	7	0	2	1	3	0	19	1081	12	1	0	7.33782	7	0	0
0.527286	DL	52	7	0	3	1	3	0	9	1404	14	1	0	7.25032	8	0	6.71463e-12
0.527357	DL	52	7	0	4	1	3	0	6	3725	26	1	0	24.2551	14	0	0
0.527429	DL	52	7	0	5	1	3	0	5	2849	22	1	0	17.9595	12	0	6.21725e-15
0.5275	DL	52	7	0	6	1	3	0	4	4030	28	1	0	48.8033	15	0	0
0.527643	DL	52	7	0	7	2	3	0	3	8060	28	1	0	48.0083	15	0	0
0.527786	DL	52	7	0	9	2	3	0	2	8060	28	1	0	29.5578	15	0	3.14925e-10
0.527929	DL	52	7	0	11	2	3	0	1	1286	8	1	0	2.61161	5	0	1.11162e-07
0.528143	DL	52	8	0	1	1	3	0	22	3725	26	1	0	20.8346	13	1	0.498705
0.528214	DL	52	8	0	2	1	3	0	19	1081	12	1	0	7.3706	7	0	0
0.528286	DL	52	8	0	3	1	3	0	9	1404	14	1	0	6.94395	8	0	2.56669e-06
0.528357	DL	52	8	0	4	1	3	0	6	3725	26	1	0	24.1698	14	0	2.10387e-13
0.528429	DL	52	8	0	5	1	3	0	5	2849	22	1	0	17.0677	12	0	0.00997138
0.5285	DL	52	8	0	6	1	3	0	4	4030	28	1	0	48.9463	15	0	0
0.528643	DL	52	8	0	7	2	3	0	3	8060	28	1	0	47.9524	15	0	0
0.528786	DL	52	8	0	9	2	3	0	2	8060	28	1	0	29.785	15	0	2.27603e-11
0.528929	DL	52	8	0	11	2	3	0	1	1286	8	1	0	2.98202	5	0	2.44249e-15
0.529143	DL	52	9	0	1	1	3	0	22	3725	26	1	0	22.2536	14	0	0.000191345
0.529214	DL	52	9	0	2	1	3	0	19	2409	20	1	0	7.1946	7	1	1
0.529286	DL	52	9	0	3	1	3	0	9	1404	14	1	0	7.20784	8	0	5.36426e-11
0.529357	DL	52	9	0	4	1	3	0	6	3725	26	1	0	24.4232	14	0	8.60978e-13
0.529429	DL	52	9	0	5	1	3	0	5	2849	22	1	0	16.9859	12	0	1.47728e-05
0.5295	DL	52	9	0	6	1	3	0	4	4030	28	1	0	48.8777	15	0	0
0.529571	DL	52	9	0	7	1	3	0	3	4030	28	1	0	47.999	15	0	0
0.529714	DL	52	9	0	8	2	3	0	2	8060	28	1	0	29.8971	15	0	3.01965e-11
0.529857	DL	52	9	0	10	2	3	0	1	1286	8	1	0	2.83984	5	0	2.4607e-12
0.530143	DL	53	0	0	1	1	3	0	22	3725	26	1	0	20.909	13	1	0.999651
0.530214	DL	53	0	0	2	1	3	0	19	2849	22	1	0	6.73479	7	1	1
0.530286	DL	53	0	0	3	1	3	0	9	1404	14	1	0	7.30872	8	0	3.6815e-13
0.530357	DL	53	0	0	4	1	3	0	6	3725	26	1	0	24.7739	14	0	0
0.530429	DL	53	0	0	5	1	3	0	5	2849	22	1	0	17.3333	12	0	9.96173e-10
0.5305	DL	53	0	0	6	1	3	0	4	4030	28	1	0	49.0514	15	0	0
0.530643	DL	53	0	0	7	2	3	0	3	8060	28	1	0	47.9538	15	0	0
0.530786	DL	53	0	0	9	2	3	0	2	8060	28	1	0	30.0132	15	0	1.31965e-10
0.530929	DL	53	0	0	11	2	3	0	1	1286	8	1	0	2.75214	5	0	8.6431e-07
0.531143	DL	53	1	0	1	1	3	0	22	3725	26	1	0	21.4044	14	0	0.0101241
0.531214	DL	53	1	0	2	1	3	0	19	1752	16	1	0	7.2086	7	1	1
0.531286	DL	53	1	0	3	1	3	0	9	1404	14	1	0	7.34285	8	0	5.75096e-14
0.531357	DL	53	1	0	4	1	3	0	6	3725	26	1	0	24.8139	14	0	7.27196e-14
0.531429	DL	53	1	0	5	1	3	0	5	2849	22	1	0	16.9837	12	0	0.00633279
0.5315	DL	53	1	0	6	1	3	0	4	4030	28	1	0	48.8736	15	0	0
0.531643	DL	53	1	0	7	2	3	0	3	8060	28	1	0	47.6899	15	0	0
0.531786	DL	53	1	0	9	2	3	0	2	8060	28	1	0	30.2735	15	0	1.52851e-11
0.531929	DL	53	1	0	11	2	3	0	1	1286	8	1	0	2.77196	5	0	1.30236e-09
0.532143	DL	53	2	0	1	1	3	0	22	3725	26	1	0	21.7701	14	0	0.0138724
0.532214	DL	53	2	0	2	1	3	0	19	3285	24	1	0	6.97701	7	1	1
0.532286	DL	53	2	0	3	1	3	0	9	1404	14	1	0	7.48805	8	0	0
0.532357	DL	53	2	0	4	1	3	0	6	3725	26	1	0	24.7712	14	0	2.30926e-13
0.532429	DL	53	2	0	5	1	3	0	5	2849	22	1	0	17.4347	12	0	1.19345e-08
0.5325	DL	53	2	0	6	1	3	0	4	4030	28	1	0	48.5467	15	0	0
0.532643	DL	53	2	0	7	2	3	0	3	8060	28	1	0	47.4822	15	0	0
0.532786	DL	53	2	0	9	2	3	0	2	8060	28	1	0	30.526	15	0	2.61908e-11
0.532929	DL	53	2	0	11	2	3	0	1	1286	8	1	0	2.62068	5	0	1.96067e-09
0.533929	DL	53	3	0	1	12	3	0	22	3725	26	1	1	25.8766	15	0	0
0.534929	DL	53	4	0	1	12	3	0	19	2409	20	1	1	19.7824	14	0	0
0.535857	DL	53	5	0	1	11	3	0	19	2849	22	1	1	15.2392	10	0	0
0.535857	DL	53	5	0	1	11	3	0	22	3725	26	1	1	18.855	13	0	0
0.536929	DL	53	6	0	1	12	3	0	19	1752	16	1	1	16.5545	12	0	0
0.537929	DL	53	7	0	1	12	3	0	19	3285	24	1	1	19.0859	14	0	0
0.538143	DL	53	8	0	1	1	3	0	22	3725	26	1	0	21.2661	14	0	0.0121727
0.538214	DL	53	8	0	2	1	3	0	19	1081	12	1	0	6.03042	7	0	4.82673e-06
0.538286	DL	53	8	0	3	1	3	0	9	1404	14	1	0	7.72346	8	0	0
0.538357	DL	53	8	0	4	1	3	0	6	3725	26	1	0	24.6327	14	0	0
0.538429	DL	53	8	0	5	1	3	0	5	2849	22	1	0	17.6942	12	0	3.55202e-08
0.538571	DL	53	8	0	6	2	3	0	4	8060	28	1	0	48.8709	15	0	0
0.538714	DL	53	8	0	8	2	3	0	3	8060	28	1	0	47.8555	15	0	0
0.538786	DL	53	8	0	10	1	3	0	2	4030	28	1	0	30.8086	15	0	5.91194e-12
0.538929	DL	53	8	0	11	2	3	0	1	1286	8	1	0	2.91772	5	0	6.21725e-14
0.539143	DL	53	9	0	1	1	3	0	22	4030	28	1	0	22.0316	14	1	1
0.539214	DL	53	9	0	2	1	3	0	19	1081	12	1	0	5.85109	7	0	0.0279453
0.539286	DL	53	9	0	3	1	3	0	9	1404	14	1	0	7.49098	8	0	0
0.539429	DL	53	9	0	4	2	3	0	5	5695	22	1	0	18.4162	12	0	1.34115e-13
0.539571	DL	53	9	0	6	2	3	0	4	8060	28	1	0	48.5805	15	0	0
0.539714	DL	53	9	0	8	2	3	0	3	8060	28	1	0	47.8034	15	0	0
0.539857	DL	53	9	0	10	2	3	0	1	1286	8	1	0	2.73314	5	0	7.30593e-12
0.540143	DL	54	0	0	1	1	3	0	22	4030	28	1	0	20.3331	13	1	1
0.540214	DL	54	0	0	2	1	3	0	19	3725	26	1	0	6.38567	7	1	1
0.540357	DL	54	0	0	3	2	3	0	9	2805	14	1	0	7.44516	8	0	4.44089e-16
0.5405	DL	54	0	0	5	2	3	0	5	5695	22	1	0	16.8696	11	0	0.20764
0.540643	DL	54	0	0	7	2	3	0	4	8060	28	1	0	48.6081	15	0	0
0.540786	DL	54	0	0	9	2	3	0	3	8060	28	1	0	47.8252	15	0	0
0.540929	DL	54	0	0	11	2	3	0	1	1286	8	1	0	3.06509	5	0	6.66134e-15
0.541143	DL	54	1	0	1	1	3	0	22	3285	24	1	0	22.0005	14	0	0
0.541286	DL	54	1	0	2	2	3	0	19	3942	18	1	0	6.46942	7	1	1
0.541429	DL	54	1	0	4	2	3	0	9	2805	14	1	0	6.98655	8	0	1.25074e-06
0.541571	DL	54	1	0	6	2	3	0	5	5695	22	1	0	17.1524	12	0	0.000104513
0.541714	DL	54	1	0	8	2	3	0	4	8060	28	1	0	48.6791	15	0	0
0.541857	DL	54	1	0	10	2	3	0	1	1286	8	1	0	3.05084	5	0	0
0.542143	DL	54	2	0	1	1	3	0	22	3285	24	1	0	20.6997	13	0	2.9976e-14
0.542357	DL	54	2	0	2	3	3	0	19	8541	22	1	0	6.46311	7	1	1
0.5425	DL	54	2	0	5	2	3	0	9	2805	14	1	0	7.26238	8	0	7.03571e-12
0.542643	DL	54	2	0	7	2	3	0	5	5695	22	1	0	17.5136	12	0	5.94209e-09
0.542786	DL	54	2	0	9	2	3	0	4	8060	28	1	0	48.7208	15	0	0
0.542929	DL	54	2	0	11	2	3	0	1	1286	8	1	0	2.85873	5	0	4.30544e-13
0.543286	DL	54	3	0	1	3	3	0	19	11170	26	1	0	7.34228	7	1	1
0.5435	DL	54	3	0	4	3	3	0	9	4206	14	1	0	7.335	8	0	2.69118e-13
0.543643	DL	54	3	0	7	2	3	0	5	5695	22	1	0	16.9011	12	0	0.00980627
0.543786	DL	54	3	0	9	2	3	0	4	8060	28	1	0	48.6649	15	0	0
0.543929	DL	54	3	0	11	2	3	0	1	1286	8	1	0	2.99947	5	0	0
0.544929	DL	54	4	0	1	12	3	0	22	4030	28	1	1	23.0974	15	0	0
0.545857	DL	54	5	0	1	11	3	0	19	3725	26	1	1	9.73237	9	0	0
0.545857	DL	54	5	0	1	11	3	0	22	4030	28	1	1	18.1336	13	0	0
0.546929	DL	54	6	0	1	12	3	0	19	3942	18	1	1	10.6363	9	0	0
0.547929	DL	54	7	0	1	12	3	0	19	8541	22	1	1	11.6433	10	0	0
0.548929	DL	54	8	0	1	12	3	0	19	11170	26	1	1	10.1838	9	0	0
0.549286	DL	54	9	0	1	3	3	0	19	3241	12	1	0	7.42013	7	0	0
0.5495	DL	54	9	0	4	3	3	0	9	4206	14	1	0	7.37553	8	0	2.93099e-14
0.549643	DL	54	9	0	7	2	3	0	5	5695	22	1	0	16.2028	11	1	0.998962
0.549786	DL	54	9	0	9	2	3	0	4	8060	28	1	0	48.651	15	0	0
0.549929	DL	54	9	0	11	2	3	0	1	1286	8	1	0	3.50384	5	0	0
0.550286	DL	55	0	0	1	3	3	0	19	3241	12	1	0	7.32879	7	0	0
0.5505	DL	55	0	0	4	3	3	0	9	4206	14	1	0	7.45365	8	0	0
0.550643	DL	55	0	0	7	2	3	0	5	5695	22	1	0	16.9067	12	0	0.0165166
0.550786	DL	55	0	0	9	2	3	0	4	8060	28	1	0	48.6625	15	0	0
0.550929	DL	55	0	0	11	2	3	0	1	1286	8	1	0	3.32021	5	0	0
0.551286	DL	55	1	0	1	3	3	0	19	5258	16	1	0	7.6013	7	1	1
0.5515	DL	55	1	0	4	3	3	0	9	4206	14	1	0	7.74264	8	0	0
0.551643	DL	55	1	0	7	2	3	0	5	5695	22	1	0	17.4157	12	0	0.172883
0.551786	DL	55	1	0	9	2	3	0	4	8060	28	1	0	48.6545	15	0	0
0.551929	DL	55	1	0	11	2	3	0	1	1286	8	1	0	3.21313	5	0	0
0.552286	DL	55	2	0	1	3	3	0	19	5258	16	1	0	7.21427	7	1	1
0.5525	DL	55	2	0	4	3	3	0	9	4206	14	1	0	7.6373	8	0	0
0.552714	DL	55	2	0	7	3	3	0	5	8541	22	1	0	16.1571	11	1	0.999999
0.552786	DL	55	2	0	10	1	3	0	4	4030	28	1	0	48.655	15	0	0
0.552929	DL	55	2	0	11	2	3	0	1	1286	8	1	0	3.70623	5	0	0
0.553286	DL	55	3	0	1	3	3	0	19	5915	18	1	0	7.39333	7	1	1
0.5535	DL	55	3	0	4	3	3	0	9	4206	14	1	0	7.9015	8	0	0
0.553714	DL	55	3	0	7	3	3	0	5	8541	22	1	0	17.231	12	0	0.00014162
0.553857	DL	55	3	0	10	2	3	0	1	1286	8	1	0	3.69337	5	0	0
0.554929	DL	55	4	0	1	12	3	0	5	5695	22	1	1	28.0944	14	0	0
0.555286	DL	55	5	0	1	3	3	0	9	4206	14	1	0	7.93511	8	0	0
0.555571	DL	55	5	0	4	4	3	0	5	9637	20	1	0	16.7531	11	0	0
0.555857	DL	55	5	0	8	4	3	0	1	2570	8	1	0	3.51167	5	0	0
0.556929	DL	55	6	0	1	12	3	0	19	5258	16	1	1	11.5966	9	0	0
0.557929	DL	55	7	0	1	12	3	0	5	8541	22	1	1	17.8031	13	0	0
0.557929	DL	55	7	0	1	12	3	0	19	5258	16	1	1	6.06425	7	0	0
0.558929	DL	55	8	0	1	12	3	0	19	5915	18	1	1	11.9386	9	0	0
0.559357	DL	55	9	0	1	4	3	0	9	5607	14	1	0	7.69412	8	0	0
0.559643	DL	55	9	0	5	4	3	0	5	11390	22	1	0	17.422	12	0	1.31006e-12
0.559929	DL	55	9	0	9	4	3	0	1	2570	8	1	0	3.59436	5	0	0
0.560357	DL	56	0	0	1	4	3	0	9	5607	14	1	0	7.60939	8	0	0
0.560643	DL	56	0	0	5	4	3	0	5	14893	26	1	0	17.9371	12	1	1
0.560929	DL	56	0	0	9	4	3	0	1	2570	8	1	0	3.16167	5	0	0
0.561429	DL	56	1	0	1	5	3	0	9	7008	14	1	0	7.58443	8	0	0
0.561857	DL	56	1	0	6	6	3	0	1	3854	8	1	0	3.38174	5	0	0
0.562929	DL	56	2	0	1	12	3	0	1	7709	8	1	0	3.74362	5	0	0
0.563929	DL	56	3	0	1	12	3	0	1	7709	8	1	0	3.49202	5	0	0
0.564857	DL	56	4	0	1	11	3	0	1	7067	8	1	0	3.52799	5	0	0
0.565857	DL	56	5	0	1	11	3	0	5	14893	26	1	1	22.5091	14	0	0
0.566929	DL	56	6	0	1	12	3	0	1	7709	8	1	0	3.45278	5	0	0
0.567929	DL	56	7	0	1	12	3	0	1	7709	8	1	0	3.26202	5	0	0
0.568929	DL	56	8	0	1	12	3	0	1	7709	8	1	0	3.662	5	0	0
0.569929	DL	56	9	0	1	12	3	0	1	7709	8	1	0	3.7717	5	0	0
0.570857	DL	57	0	0	1	11	3	0	1	7067	8	1	0	3.86271	5	0	0
0.571929	DL	57	1	0	1	12	3	0	1	7709	8	1	0	3.83001	5	0	0
0.572929	DL	57	2	0	1	12	3	0	1	7709	8	1	0	3.68704	5	0	0
0.573857	DL	57	3	0	1	11	3	0	1	7067	8	1	0	3.39114	5	0	0
0.574857	DL	57	4	0	1	11	3	0	1	7067	8	1	0	3.72668	5	0	0
0.575929	DL	57	5	0	1	12	3	0	1	7709	8	1	0	3.30381	5	0	3.90799e-14
0.576643	DL	57	6	0	1	8	3	0	1	5141	8	1	0	3.24653	5	0	3.88578e-15
