time(s)	cellId	rnti	lcid	packetSize
0.411	1	1	3	1401
0.411	3	1	3	1401
0.412	1	1	3	1401
0.412	3	1	3	1401
0.413	1	1	3	1401
0.413	3	1	3	1401
0.414	1	1	3	1401
0.414	3	1	3	1401
0.415	1	1	3	1401
0.415	3	1	3	1401
0.416	1	1	3	1401
0.416	3	1	3	1401
0.417	1	1	3	21022
0.417	3	1	3	48353
0.418	1	1	3	21022
0.418	3	1	3	48353
0.419	1	1	3	21022
0.419	3	1	3	32743
0.42	1	1	3	21022
0.42	3	1	3	15316
0.421	1	1	3	21022
0.421	3	1	3	15316
0.422	1	1	3	21022
0.422	3	1	3	15316
0.423	1	1	3	21022
0.423	3	1	3	15316
0.424	1	1	3	21022
0.424	3	1	3	15316
0.425	1	1	3	48353
0.425	3	1	3	15316
0.426	1	1	3	20140
0.426	3	1	3	15316
0.427	1	1	3	15316
0.427	3	1	3	15316
0.428	1	1	3	15316
0.428	3	1	3	15316
0.429	1	1	3	15316
0.429	3	1	3	15316
0.43	1	1	3	15316
0.43	3	1	3	15316
0.431	1	1	3	15316
0.431	3	1	3	15316
0.432	3	1	3	15316
0.433	3	1	3	15316
0.434	3	1	3	15316
0.435	3	1	3	15316
0.436	3	1	3	15316
0.437	1	1	3	21022
0.437	3	1	3	15316
0.438	1	1	3	48353
0.438	3	1	3	15316
0.439	1	1	3	48353
0.439	3	1	3	15316
0.44	1	1	3	20115
0.44	3	1	3	15316
0.441	1	1	3	15316
0.441	3	1	3	15316
0.442	1	1	3	15316
0.442	3	1	3	15316
0.443	1	1	3	15316
0.443	3	1	3	15316
0.444	1	1	3	15316
0.444	3	1	3	15316
0.445	1	1	3	15316
0.445	3	1	3	15316
0.446	3	1	3	15316
0.447	3	1	3	15316
0.448	3	1	3	15316
0.449	3	1	3	15316
0.45	3	1	3	15316
0.451	1	1	3	21022
0.451	3	1	3	15316
0.452	1	1	3	48353
0.452	3	1	3	15316
0.453	1	1	3	48353
0.453	3	1	3	15316
0.454	1	1	3	20115
0.454	3	1	3	15316
0.455	1	1	3	15316
0.455	3	1	3	15316
0.456	1	1	3	15316
0.456	3	1	3	15316
0.457	1	1	3	15316
0.457	3	1	3	15316
0.458	1	1	3	15316
0.458	3	1	3	15316
0.459	1	1	3	15316
0.459	3	1	3	15316
0.46	3	1	3	15316
0.461	3	1	3	15316
0.462	3	1	3	15316
0.463	3	1	3	15316
0.464	3	1	3	15316
0.465	1	1	3	21022
0.465	3	1	3	15316
0.466	1	1	3	48353
0.466	3	1	3	15316
0.467	1	1	3	48353
0.467	3	1	3	15316
0.468	1	1	3	20115
0.468	3	1	3	15316
0.469	1	1	3	15316
0.469	3	1	3	15316
0.47	1	1	3	15316
0.47	3	1	3	15316
0.471	1	1	3	15316
0.471	3	1	3	15316
0.472	1	1	3	15316
0.472	3	1	3	15316
0.473	1	1	3	15316
0.473	3	1	3	15316
0.474	3	1	3	15316
0.475	3	1	3	15316
0.476	3	1	3	15316
0.477	3	1	3	15316
0.478	3	1	3	15316
0.479	1	1	3	21022
0.479	3	1	3	15316
0.48	1	1	3	48353
0.48	3	1	3	15316
0.481	1	1	3	48353
0.481	3	1	3	15316
0.482	1	1	3	20115
0.482	3	1	3	15316
0.483	1	1	3	15316
0.483	3	1	3	15316
0.484	1	1	3	15316
0.484	3	1	3	15316
0.485	1	1	3	15316
0.485	3	1	3	15316
0.486	1	1	3	15316
0.486	3	1	3	15316
0.487	1	1	3	15316
0.487	3	1	3	15316
0.488	3	1	3	15316
0.489	3	1	3	15316
0.49	3	1	3	15316
0.491	3	1	3	15316
0.492	3	1	3	15316
0.493	1	1	3	21022
0.493	3	1	3	15316
0.494	1	1	3	48353
0.494	3	1	3	15316
0.495	1	1	3	48353
0.495	3	1	3	15316
0.496	1	1	3	20115
0.496	3	1	3	15316
0.497	1	1	3	15316
0.497	3	1	3	15316
0.498	1	1	3	15316
0.498	3	1	3	15316
0.499	1	1	3	15316
0.499	3	1	3	15316
0.5	1	1	3	15316
0.5	3	1	3	15316
0.501	1	1	3	15316
0.501	3	1	3	15316
0.502	3	1	3	15316
0.503	3	1	3	15316
0.504	3	1	3	15316
0.505	3	1	3	15316
0.506	3	1	3	15316
0.507	1	1	3	21022
0.507	3	1	3	15316
0.508	1	1	3	48353
0.508	3	1	3	15316
0.509	1	1	3	48353
0.509	3	1	3	15316
0.51	1	1	3	20115
0.51	3	1	3	15316
0.511	1	1	3	15316
0.511	3	1	3	15316
0.512	1	1	3	15316
0.512	3	1	3	15316
0.513	1	1	3	15316
0.513	3	1	3	15316
0.514	1	1	3	15316
0.514	3	1	3	15316
0.515	1	1	3	15316
0.515	3	1	3	15316
0.516	3	1	3	15316
0.517	3	1	3	15316
0.518	3	1	3	15316
0.519	3	1	3	15316
0.52	3	1	3	15316
0.521	1	1	3	21022
0.521	3	1	3	15316
0.522	1	1	3	48353
0.522	3	1	3	15316
0.523	1	1	3	48353
0.523	3	1	3	15316
0.524	1	1	3	20115
0.524	3	1	3	15316
0.525	1	1	3	15316
0.525	3	1	3	15316
0.526	1	1	3	15316
0.526	3	1	3	15316
0.527	1	1	3	15316
0.527	3	1	3	15316
0.528	1	1	3	15316
0.528	3	1	3	15316
0.529	1	1	3	15316
0.529	3	1	3	15316
0.53	3	1	3	15316
0.531	3	1	3	15316
0.532	3	1	3	15316
0.533	3	1	3	15316
0.534	3	1	3	15316
0.535	1	1	3	21022
0.535	3	1	3	15316
0.536	1	1	3	44326
0.536	3	1	3	15316
0.537	1	1	3	48353
0.537	3	1	3	15316
0.538	1	1	3	24142
0.538	3	1	3	15316
0.539	1	1	3	15316
0.539	3	1	3	15316
0.54	1	1	3	15316
0.54	3	1	3	15316
0.541	1	1	3	15316
0.541	3	1	3	15316
0.542	1	1	3	15316
0.542	3	1	3	15316
0.543	1	1	3	15316
0.543	3	1	3	15316
0.544	3	1	3	15316
0.545	3	1	3	15316
0.546	3	1	3	15316
0.547	3	1	3	15316
0.548	3	1	3	15316
0.549	1	1	3	21022
0.549	3	1	3	15316
0.55	1	1	3	48353
0.55	3	1	3	15316
0.551	1	1	3	48353
0.551	3	1	3	15316
0.552	1	1	3	20115
0.552	3	1	3	15316
0.553	1	1	3	15316
0.553	3	1	3	15316
0.554	1	1	3	15316
0.554	3	1	3	15316
0.555	1	1	3	15316
0.555	3	1	3	15316
0.556	1	1	3	15316
0.556	3	1	3	15316
0.557	1	1	3	15316
0.557	3	1	3	15316
0.558	3	1	3	15316
0.559	3	1	3	15316
0.56	3	1	3	15316
0.561	3	1	3	15316
0.562	3	1	3	15316
0.563	1	1	3	21022
0.563	3	1	3	15316
0.564	1	1	3	48353
0.564	3	1	3	15316
0.565	1	1	3	48353
0.565	3	1	3	15316
0.566	1	1	3	20115
0.566	3	1	3	15316
0.567	1	1	3	15316
0.567	3	1	3	15316
0.568	1	1	3	15316
0.568	3	1	3	15316
0.569	1	1	3	15316
0.569	3	1	3	15316
0.57	1	1	3	15316
0.57	3	1	3	15316
0.571	1	1	3	15316
0.571	3	1	3	15316
0.572	3	1	3	15316
0.573	3	1	3	15316
0.574	3	1	3	15316
0.575	3	1	3	15316
0.576	3	1	3	15316
0.577	1	1	3	21022
0.577	3	1	3	15316
0.578	1	1	3	48353
0.578	3	1	3	15316
0.579	1	1	3	48353
0.579	3	1	3	15316
0.58	1	1	3	20115
0.58	3	1	3	15316
0.581	1	1	3	15316
0.581	3	1	3	15316
0.582	1	1	3	15316
0.582	3	1	3	15316
0.583	1	1	3	15316
0.583	3	1	3	15316
0.584	1	1	3	15316
0.584	3	1	3	15316
0.585	1	1	3	15316
0.585	3	1	3	15316
0.586	3	1	3	15316
0.587	3	1	3	15316
0.588	3	1	3	15316
0.589	3	1	3	15316
0.59	3	1	3	15316
0.591	1	1	3	21022
0.591	3	1	3	15316
0.592	1	1	3	48353
0.592	3	1	3	15316
0.593	1	1	3	48353
0.593	3	1	3	15316
0.594	1	1	3	20115
0.594	3	1	3	15316
0.595	1	1	3	15316
0.595	3	1	3	15316
0.596	1	1	3	15316
0.596	3	1	3	15316
0.597	1	1	3	15316
0.597	3	1	3	15316
0.598	1	1	3	15316
0.598	3	1	3	15316
0.599	1	1	3	15316
0.599	3	1	3	15316
0.6	3	1	3	15316
0.601	3	1	3	15316
0.602	3	1	3	15316
0.603	3	1	3	15316
0.604	3	1	3	15316
0.605	1	1	3	21022
0.605	3	1	3	15316
0.606	1	1	3	48353
0.606	3	1	3	15316
0.607	1	1	3	48353
0.607	3	1	3	15316
0.608	1	1	3	20115
0.608	3	1	3	15316
0.609	1	1	3	15316
0.609	3	1	3	15316
0.61	1	1	3	15316
0.61	3	1	3	15316
0.611	1	1	3	15316
0.611	3	1	3	15316
0.612	1	1	3	15316
0.612	3	1	3	15316
0.613	1	1	3	15316
0.613	3	1	3	15316
0.614	3	1	3	15316
0.615	3	1	3	15316
0.616	3	1	3	15316
0.617	3	1	3	15316
0.618	3	1	3	15316
0.619	1	1	3	21022
0.619	3	1	3	15316
0.62	1	1	3	48353
0.62	3	1	3	15316
0.621	1	1	3	48353
0.621	3	1	3	15316
0.622	1	1	3	20115
0.622	3	1	3	15316
0.623	1	1	3	15316
0.623	3	1	3	15316
0.624	1	1	3	15316
0.624	3	1	3	15316
0.625	1	1	3	15316
0.625	3	1	3	15316
0.626	1	1	3	15316
0.626	3	1	3	15316
0.627	1	1	3	15316
0.627	3	1	3	15316
0.628	3	1	3	15316
0.629	3	1	3	15316
0.63	3	1	3	15316
0.631	3	1	3	15316
0.632	3	1	3	15316
0.633	1	1	3	21022
0.633	3	1	3	15316
0.634	1	1	3	48353
0.634	3	1	3	15316
0.635	1	1	3	48353
0.635	3	1	3	15316
0.636	1	1	3	20115
0.636	3	1	3	15316
0.637	1	1	3	15316
0.637	3	1	3	15316
0.638	1	1	3	15316
0.638	3	1	3	15316
0.639	1	1	3	15316
0.639	3	1	3	15316
0.64	1	1	3	15316
0.64	3	1	3	15316
0.641	1	1	3	15316
0.641	3	1	3	15316
0.642	3	1	3	15316
0.643	3	1	3	15316
0.644	3	1	3	15316
0.645	3	1	3	15316
0.646	3	1	3	15316
0.647	1	1	3	21022
0.647	3	1	3	15316
0.648	1	1	3	48353
0.648	3	1	3	15316
0.649	1	1	3	48353
0.649	3	1	3	15316
0.65	1	1	3	20115
0.65	3	1	3	15316
0.651	1	1	3	15316
0.651	3	1	3	15316
0.652	1	1	3	15316
0.652	3	1	3	15316
0.653	1	1	3	15316
0.653	3	1	3	15316
0.654	1	1	3	15316
0.654	3	1	3	15316
0.655	1	1	3	15316
0.655	3	1	3	15316
0.656	3	1	3	15316
0.657	3	1	3	15316
0.658	3	1	3	15316
0.659	3	1	3	15316
0.66	3	1	3	15316
0.661	1	1	3	21022
0.661	3	1	3	15316
0.662	1	1	3	48353
0.662	3	1	3	15316
0.663	1	1	3	48353
0.663	3	1	3	15316
0.664	1	1	3	20115
0.664	3	1	3	15316
0.665	1	1	3	15316
0.665	3	1	3	15316
0.666	1	1	3	15316
0.666	3	1	3	15316
0.667	1	1	3	15316
0.667	3	1	3	15316
0.668	1	1	3	15316
0.668	3	1	3	15316
0.669	1	1	3	15316
0.669	3	1	3	15316
0.67	3	1	3	15316
0.671	3	1	3	15316
0.672	3	1	3	15316
0.673	3	1	3	15316
0.674	3	1	3	15316
0.675	1	1	3	21022
0.675	3	1	3	15316
0.676	1	1	3	48353
0.676	3	1	3	15316
0.677	1	1	3	48353
0.677	3	1	3	15316
0.678	1	1	3	20115
0.678	3	1	3	15316
0.679	1	1	3	15316
0.679	3	1	3	15316
0.68	1	1	3	15316
0.68	3	1	3	15316
0.681	1	1	3	15316
0.681	3	1	3	15316
0.682	1	1	3	15316
0.682	3	1	3	15316
0.683	1	1	3	15316
0.683	3	1	3	15316
0.684	3	1	3	15316
0.685	3	1	3	15316
0.686	3	1	3	15316
0.687	3	1	3	15316
0.688	3	1	3	15316
0.689	1	1	3	21022
0.689	3	1	3	15316
0.69	1	1	3	48353
0.69	3	1	3	15316
0.691	1	1	3	48353
0.691	3	1	3	15316
0.692	1	1	3	20115
0.692	3	1	3	15316
0.693	1	1	3	15316
0.693	3	1	3	15316
0.694	1	1	3	15316
0.694	3	1	3	15316
0.695	1	1	3	15316
0.695	3	1	3	15316
0.696	1	1	3	15316
0.696	3	1	3	15316
0.697	1	1	3	15316
0.697	3	1	3	15316
0.698	3	1	3	15316
0.699	3	1	3	15316
0.7	3	1	3	15316
0.701	3	1	3	15316
0.702	3	1	3	15316
0.703	1	1	3	21022
0.703	3	1	3	15316
0.704	1	1	3	48353
0.704	3	1	3	15316
0.705	1	1	3	48353
0.705	3	1	3	15316
0.706	1	1	3	20115
0.706	3	1	3	15316
0.707	1	1	3	15316
0.707	3	1	3	15316
0.708	1	1	3	15316
0.708	3	1	3	15316
0.709	1	1	3	15316
0.709	3	1	3	15316
0.71	1	1	3	15316
0.71	3	1	3	15316
0.711	1	1	3	15316
0.711	3	1	3	15316
0.712	3	1	3	15316
0.713	3	1	3	15316
0.714	3	1	3	15316
0.715	3	1	3	15316
0.716	3	1	3	15316
0.717	1	1	3	21022
0.717	3	1	3	15316
0.718	1	1	3	48353
0.718	3	1	3	15316
0.719	1	1	3	48353
0.719	3	1	3	15316
0.72	1	1	3	20115
0.72	3	1	3	15316
0.721	1	1	3	15316
0.721	3	1	3	15316
0.722	1	1	3	15316
0.722	3	1	3	15316
0.723	1	1	3	15316
0.723	3	1	3	15316
0.724	1	1	3	15316
0.724	3	1	3	15316
0.725	1	1	3	15316
0.725	3	1	3	15316
0.726	3	1	3	15316
0.727	3	1	3	15316
0.728	3	1	3	15316
0.729	3	1	3	15316
0.73	3	1	3	15316
0.731	1	1	3	21022
0.731	3	1	3	15316
0.732	1	1	3	48353
0.732	3	1	3	15316
0.733	1	1	3	48353
0.733	3	1	3	15316
0.734	1	1	3	20115
0.734	3	1	3	15316
0.735	1	1	3	15316
0.735	3	1	3	15316
0.736	1	1	3	15316
0.736	3	1	3	15316
0.737	1	1	3	15316
0.737	3	1	3	15316
0.738	1	1	3	15316
0.738	3	1	3	15316
0.739	1	1	3	15316
0.739	3	1	3	15316
0.74	3	1	3	15316
0.741	3	1	3	15316
0.742	3	1	3	15316
0.743	3	1	3	15316
0.744	3	1	3	15316
0.745	1	1	3	21022
0.745	3	1	3	15316
0.746	1	1	3	48353
0.746	3	1	3	15316
0.747	1	1	3	48353
0.747	3	1	3	15316
0.748	1	1	3	20115
0.748	3	1	3	15316
0.749	1	1	3	15316
0.749	3	1	3	15316
0.75	1	1	3	15316
0.75	3	1	3	15316
0.751	1	1	3	15316
0.751	3	1	3	15316
0.752	1	1	3	15316
0.752	3	1	3	15316
0.753	1	1	3	15316
0.753	3	1	3	15316
0.754	3	1	3	15316
0.755	3	1	3	15316
0.756	3	1	3	15316
0.757	3	1	3	15316
0.758	3	1	3	15316
0.759	1	1	3	21022
0.759	3	1	3	15316
0.76	1	1	3	48353
0.76	3	1	3	15316
0.761	1	1	3	48353
0.761	3	1	3	15316
0.762	1	1	3	20115
0.762	3	1	3	15316
0.763	1	1	3	15316
0.763	3	1	3	15316
0.764	1	1	3	15316
0.764	3	1	3	15316
0.765	1	1	3	15316
0.765	3	1	3	15316
0.766	1	1	3	15316
0.766	3	1	3	15316
0.767	1	1	3	15316
0.767	3	1	3	15316
0.768	3	1	3	15316
0.769	3	1	3	15316
0.77	3	1	3	15316
0.771	3	1	3	15316
0.772	3	1	3	15316
0.773	1	1	3	21022
0.773	3	1	3	15316
0.774	1	1	3	48353
0.774	3	1	3	15316
0.775	1	1	3	48353
0.775	3	1	3	15316
0.776	1	1	3	20115
0.776	3	1	3	15316
0.777	1	1	3	15316
0.777	3	1	3	15316
0.778	1	1	3	15316
0.778	3	1	3	15316
0.779	1	1	3	15316
0.779	3	1	3	15316
0.78	1	1	3	15316
0.78	3	1	3	15316
0.781	1	1	3	15316
0.781	3	1	3	15316
0.782	3	1	3	15316
0.783	3	1	3	15316
0.784	3	1	3	15316
0.785	3	1	3	15316
0.786	3	1	3	15316
0.787	1	1	3	21022
0.787	3	1	3	15316
0.788	1	1	3	48353
0.788	3	1	3	15316
0.789	1	1	3	48353
0.789	3	1	3	15316
0.79	1	1	3	20115
0.79	3	1	3	15316
0.791	1	1	3	15316
0.791	3	1	3	15316
0.792	1	1	3	15316
0.792	3	1	3	15316
0.793	1	1	3	15316
0.793	3	1	3	15316
0.794	1	1	3	15316
0.794	3	1	3	15316
0.795	1	1	3	15316
0.795	3	1	3	15316
0.796	3	1	3	15316
0.797	3	1	3	15316
0.798	3	1	3	15316
0.799	3	1	3	15316
0.8	3	1	3	15316
0.801	1	1	3	21022
0.801	3	1	3	15316
0.802	1	1	3	48353
0.802	3	1	3	15316
0.803	1	1	3	48353
0.803	3	1	3	15316
0.804	1	1	3	20115
0.804	3	1	3	15316
0.805	1	1	3	15316
0.805	3	1	3	15316
0.806	1	1	3	15316
0.806	3	1	3	15316
0.807	1	1	3	15316
0.807	3	1	3	15316
0.808	1	1	3	15316
0.808	3	1	3	15316
0.809	1	1	3	15316
0.809	3	1	3	15316
0.81	3	1	3	15316
0.811	3	1	3	15316
0.812	3	1	3	15316
0.813	3	1	3	15316
0.814	3	1	3	15316
0.815	1	1	3	21022
0.815	3	1	3	15316
0.816	1	1	3	48353
0.816	3	1	3	15316
0.817	1	1	3	48353
0.817	3	1	3	15316
0.818	1	1	3	20115
0.818	3	1	3	15316
0.819	1	1	3	15316
0.819	3	1	3	15316
0.82	1	1	3	15316
0.82	3	1	3	15316
0.821	1	1	3	15316
0.821	3	1	3	15316
0.822	1	1	3	15316
0.822	3	1	3	15316
0.823	1	1	3	15316
0.823	3	1	3	15316
0.824	3	1	3	15316
0.825	3	1	3	15316
0.826	3	1	3	15316
0.827	3	1	3	15316
0.828	3	1	3	15316
0.829	1	1	3	21022
0.829	3	1	3	15316
0.83	1	1	3	48353
0.83	3	1	3	15316
0.831	1	1	3	48353
0.831	3	1	3	15316
0.832	1	1	3	20115
0.832	3	1	3	15316
0.833	1	1	3	15316
0.833	3	1	3	15316
0.834	1	1	3	15316
0.834	3	1	3	15316
0.835	1	1	3	15316
0.835	3	1	3	15316
0.836	1	1	3	15316
0.836	3	1	3	15316
0.837	1	1	3	15316
0.837	3	1	3	15316
0.838	3	1	3	15316
0.839	3	1	3	15316
0.84	3	1	3	15316
0.841	3	1	3	15316
0.842	3	1	3	15316
0.843	1	1	3	21022
0.843	3	1	3	15316
0.844	1	1	3	48353
0.844	3	1	3	15316
0.845	1	1	3	48353
0.845	3	1	3	15316
0.846	1	1	3	20115
0.846	3	1	3	15316
0.847	1	1	3	15316
0.847	3	1	3	15316
0.848	1	1	3	15316
0.848	3	1	3	15316
0.849	1	1	3	15316
0.849	3	1	3	15316
0.85	1	1	3	15316
0.85	3	1	3	15316
0.851	1	1	3	15316
0.851	3	1	3	15316
0.852	3	1	3	15316
0.853	3	1	3	15316
0.854	3	1	3	15316
0.855	3	1	3	15316
0.856	3	1	3	15316
0.857	1	1	3	21022
0.857	3	1	3	15316
0.858	1	1	3	48353
0.858	3	1	3	15316
0.859	1	1	3	48353
0.859	3	1	3	15316
0.86	1	1	3	20115
0.86	3	1	3	15316
0.861	1	1	3	15316
0.861	3	1	3	15316
0.862	1	1	3	15316
0.862	3	1	3	15316
0.863	1	1	3	15316
0.863	3	1	3	15316
0.864	1	1	3	15316
0.864	3	1	3	15316
0.865	1	1	3	15316
0.865	3	1	3	15316
0.866	3	1	3	15316
0.867	3	1	3	15316
0.868	3	1	3	15316
0.869	3	1	3	15316
0.87	3	1	3	15316
0.871	1	1	3	21022
0.871	3	1	3	15316
0.872	1	1	3	48353
0.872	3	1	3	15316
0.873	1	1	3	48353
0.873	3	1	3	15316
0.874	1	1	3	20115
0.874	3	1	3	15316
0.875	1	1	3	15316
0.875	3	1	3	15316
0.876	1	1	3	15316
0.876	3	1	3	15316
0.877	1	1	3	15316
0.877	3	1	3	15316
0.878	1	1	3	15316
0.878	3	1	3	15316
0.879	1	1	3	15316
0.879	3	1	3	15316
0.88	3	1	3	15316
0.881	3	1	3	15316
0.882	3	1	3	15316
0.883	3	1	3	15316
0.884	3	1	3	15316
0.885	1	1	3	21022
0.885	3	1	3	15316
0.886	1	1	3	48353
0.886	3	1	3	15316
0.887	1	1	3	48353
0.887	3	1	3	15316
0.888	1	1	3	20115
0.888	3	1	3	15316
0.889	1	1	3	15316
0.889	3	1	3	15316
0.89	1	1	3	15316
0.89	3	1	3	15316
0.891	1	1	3	15316
0.891	3	1	3	15316
0.892	1	1	3	15316
0.892	3	1	3	15316
0.893	1	1	3	15316
0.893	3	1	3	15316
0.894	3	1	3	15316
0.895	3	1	3	15316
0.896	3	1	3	15316
0.897	3	1	3	15316
0.898	3	1	3	15316
0.899	1	1	3	21022
0.899	3	1	3	15316
0.9	1	1	3	48353
0.9	3	1	3	15316
0.901	1	1	3	48353
0.901	3	1	3	15316
0.902	1	1	3	20115
0.902	3	1	3	15316
0.903	1	1	3	15316
0.903	3	1	3	15316
0.904	1	1	3	15316
0.904	3	1	3	15316
0.905	1	1	3	15316
0.905	3	1	3	15316
0.906	1	1	3	15316
0.906	3	1	3	15316
0.907	1	1	3	15316
0.907	3	1	3	15316
0.908	3	1	3	15316
0.909	3	1	3	15316
0.91	3	1	3	15316
0.911	3	1	3	15316
0.912	3	1	3	15316
0.913	1	1	3	21022
0.913	3	1	3	15316
0.914	1	1	3	48353
0.914	3	1	3	15316
0.915	1	1	3	48353
0.915	3	1	3	15316
0.916	1	1	3	20115
0.916	3	1	3	15316
0.917	1	1	3	15316
0.917	3	1	3	15316
0.918	1	1	3	15316
0.918	3	1	3	15316
0.919	1	1	3	15316
0.919	3	1	3	15316
0.92	1	1	3	15316
0.92	3	1	3	15316
0.921	1	1	3	15316
0.921	3	1	3	15316
0.922	3	1	3	15316
0.923	3	1	3	15316
0.924	3	1	3	15316
0.925	3	1	3	15316
0.926	3	1	3	15316
0.927	1	1	3	21022
0.927	3	1	3	15316
0.928	1	1	3	48353
0.928	3	1	3	15316
0.929	1	1	3	48353
0.929	3	1	3	15316
0.93	1	1	3	20115
0.93	3	1	3	15316
0.931	1	1	3	15316
0.931	3	1	3	15316
0.932	1	1	3	15316
0.932	3	1	3	15316
0.933	1	1	3	15316
0.933	3	1	3	15316
0.934	1	1	3	15316
0.934	3	1	3	15316
0.935	1	1	3	15316
0.935	3	1	3	15316
0.936	3	1	3	15316
0.937	3	1	3	15316
0.938	3	1	3	15316
0.939	3	1	3	15316
0.94	3	1	3	15316
0.941	1	1	3	21022
0.941	3	1	3	15316
0.942	1	1	3	48353
0.942	3	1	3	15316
0.943	1	1	3	48353
0.943	3	1	3	15316
0.944	1	1	3	20115
0.944	3	1	3	15316
0.945	1	1	3	15316
0.945	3	1	3	15316
0.946	1	1	3	15316
0.946	3	1	3	15316
0.947	1	1	3	15316
0.947	3	1	3	15316
0.948	1	1	3	15316
0.948	3	1	3	15316
0.949	1	1	3	15316
0.949	3	1	3	15316
0.95	3	1	3	15316
0.951	3	1	3	15316
0.952	3	1	3	15316
0.953	3	1	3	15316
0.954	3	1	3	15316
0.955	1	1	3	21022
0.955	3	1	3	15316
0.956	1	1	3	48353
0.956	3	1	3	15316
0.957	1	1	3	48353
0.957	3	1	3	15316
0.958	1	1	3	20115
0.958	3	1	3	15316
0.959	1	1	3	15316
0.959	3	1	3	15316
0.96	1	1	3	15316
0.96	3	1	3	15316
0.961	1	1	3	15316
0.961	3	1	3	15316
0.962	1	1	3	15316
0.962	3	1	3	15316
0.963	1	1	3	15316
0.963	3	1	3	15316
0.964	3	1	3	15316
0.965	3	1	3	15316
0.966	3	1	3	15316
0.967	3	1	3	15316
0.968	3	1	3	15316
0.969	1	1	3	21022
0.969	3	1	3	15316
0.97	1	1	3	48353
0.97	3	1	3	15316
0.971	1	1	3	48353
0.971	3	1	3	15316
0.972	1	1	3	20115
0.972	3	1	3	15316
0.973	1	1	3	15316
0.973	3	1	3	15316
0.974	1	1	3	15316
0.974	3	1	3	15316
0.975	1	1	3	15316
0.975	3	1	3	15316
0.976	1	1	3	15316
0.976	3	1	3	15316
0.977	1	1	3	15316
0.977	3	1	3	15316
0.978	3	1	3	15316
0.979	3	1	3	15316
0.98	3	1	3	15316
0.981	3	1	3	15316
0.982	3	1	3	15316
0.983	1	1	3	21022
0.983	3	1	3	15316
0.984	1	1	3	48353
0.984	3	1	3	15316
0.985	1	1	3	48353
0.985	3	1	3	15316
0.986	1	1	3	20115
0.986	3	1	3	15316
0.987	1	1	3	15316
0.987	3	1	3	15316
0.988	1	1	3	15316
0.988	3	1	3	15316
0.989	1	1	3	15316
0.989	3	1	3	15316
0.99	1	1	3	15316
0.99	3	1	3	15316
0.991	1	1	3	15316
0.991	3	1	3	15316
0.992	3	1	3	15316
0.993	3	1	3	15316
0.994	3	1	3	15316
0.995	3	1	3	15316
0.996	3	1	3	15316
0.997	1	1	3	21022
0.997	3	1	3	15316
0.998	1	1	3	48353
0.998	3	1	3	15316
0.999	1	1	3	48353
0.999	3	1	3	15316
1	1	1	3	20115
1	3	1	3	15316
1.001	1	1	3	15316
1.001	3	1	3	15316
1.002	1	1	3	15316
1.002	3	1	3	15316
1.003	1	1	3	15316
1.003	3	1	3	15316
1.004	1	1	3	15316
1.004	3	1	3	15316
1.005	1	1	3	15316
1.005	3	1	3	15316
1.006	3	1	3	15316
1.007	3	1	3	15316
1.008	3	1	3	15316
1.009	3	1	3	15316
1.01	3	1	3	15316
1.011	1	1	3	21022
1.011	3	1	3	15316
1.012	1	1	3	48353
1.012	3	1	3	15316
1.013	1	1	3	48353
1.013	3	1	3	15316
1.014	1	1	3	20115
1.014	3	1	3	15316
1.015	1	1	3	15316
1.015	3	1	3	15316
1.016	1	1	3	15316
1.016	3	1	3	15316
1.017	1	1	3	15316
1.017	3	1	3	15316
1.018	1	1	3	15316
1.018	3	1	3	15316
1.019	1	1	3	15316
1.019	3	1	3	15316
1.02	3	1	3	15316
1.021	3	1	3	15316
1.022	3	1	3	15316
1.023	3	1	3	15316
1.024	3	1	3	15316
1.025	1	1	3	21022
1.025	3	1	3	15316
1.026	1	1	3	48353
1.026	3	1	3	15316
1.027	1	1	3	48353
1.027	3	1	3	15316
1.028	1	1	3	20115
1.028	3	1	3	15316
1.029	1	1	3	15316
1.029	3	1	3	15316
1.03	1	1	3	15316
1.03	3	1	3	15316
1.031	1	1	3	15316
1.031	3	1	3	15316
1.032	1	1	3	15316
1.032	3	1	3	15316
1.033	1	1	3	15316
1.033	3	1	3	15316
1.034	3	1	3	15316
1.035	3	1	3	15316
1.036	3	1	3	15316
1.037	3	1	3	15316
1.038	3	1	3	15316
1.039	1	1	3	21022
1.039	3	1	3	15316
1.04	1	1	3	48353
1.04	3	1	3	15316
1.041	1	1	3	48353
1.041	3	1	3	15316
1.042	1	1	3	20115
1.042	3	1	3	15316
1.043	1	1	3	15316
1.043	3	1	3	15316
1.044	1	1	3	15316
1.044	3	1	3	15316
1.045	1	1	3	15316
1.045	3	1	3	15316
1.046	1	1	3	15316
1.046	3	1	3	15316
1.047	1	1	3	15316
1.047	3	1	3	15316
1.048	3	1	3	15316
1.049	3	1	3	15316
1.05	3	1	3	15316
1.051	3	1	3	15316
1.052	3	1	3	15316
1.053	1	1	3	21022
1.053	3	1	3	15316
1.054	1	1	3	48353
1.054	3	1	3	15316
1.055	1	1	3	48353
1.055	3	1	3	15316
1.056	1	1	3	20115
1.056	3	1	3	15316
1.057	1	1	3	15316
1.057	3	1	3	15316
1.058	1	1	3	15316
1.058	3	1	3	15316
1.059	1	1	3	15316
1.059	3	1	3	15316
1.06	1	1	3	15316
1.06	3	1	3	15316
1.061	1	1	3	15316
1.061	3	1	3	15316
1.062	3	1	3	15316
1.063	3	1	3	15316
1.064	3	1	3	15316
1.065	3	1	3	15316
1.066	3	1	3	15316
1.067	1	1	3	21022
1.067	3	1	3	15316
1.068	1	1	3	48353
1.068	3	1	3	15316
1.069	1	1	3	48353
1.069	3	1	3	15316
1.07	1	1	3	20115
1.07	3	1	3	15316
1.071	1	1	3	15316
1.071	3	1	3	15316
1.072	1	1	3	15316
1.072	3	1	3	15316
1.073	1	1	3	15316
1.073	3	1	3	15316
1.074	1	1	3	15316
1.074	3	1	3	15316
1.075	1	1	3	15316
1.075	3	1	3	15316
1.076	3	1	3	15316
1.077	3	1	3	15316
1.078	3	1	3	15316
1.079	3	1	3	15316
1.08	3	1	3	15316
1.081	1	1	3	21022
1.081	3	1	3	15316
1.082	1	1	3	48353
1.082	3	1	3	15316
1.083	1	1	3	48353
1.083	3	1	3	15316
1.084	1	1	3	20115
1.084	3	1	3	15316
1.085	1	1	3	15316
1.085	3	1	3	15316
1.086	1	1	3	15316
1.086	3	1	3	15316
1.087	1	1	3	15316
1.087	3	1	3	15316
1.088	1	1	3	15316
1.088	3	1	3	15316
1.089	1	1	3	15316
1.089	3	1	3	15316
1.09	3	1	3	15316
1.091	3	1	3	15316
1.092	3	1	3	15316
1.093	3	1	3	15316
1.094	3	1	3	15316
1.095	1	1	3	21022
1.095	3	1	3	15316
1.096	1	1	3	44326
1.096	3	1	3	15316
1.097	1	1	3	48353
1.097	3	1	3	15316
1.098	1	1	3	24142
1.098	3	1	3	15316
1.099	1	1	3	15316
1.099	3	1	3	15316
1.1	1	1	3	15316
1.1	3	1	3	15316
1.101	1	1	3	15316
1.101	3	1	3	15316
1.102	1	1	3	15316
1.102	3	1	3	15316
1.103	1	1	3	15316
1.103	3	1	3	15316
1.104	3	1	3	15316
1.105	3	1	3	15316
1.106	3	1	3	15316
1.107	3	1	3	15316
1.108	3	1	3	15316
1.109	1	1	3	21022
1.109	3	1	3	15316
1.11	1	1	3	48353
1.11	3	1	3	15316
1.111	1	1	3	48353
1.111	3	1	3	15316
1.112	1	1	3	20115
1.112	3	1	3	15316
1.113	1	1	3	15316
1.113	3	1	3	15316
1.114	1	1	3	15316
1.114	3	1	3	15316
1.115	1	1	3	15316
1.115	3	1	3	15316
1.116	1	1	3	15316
1.116	3	1	3	15316
1.117	1	1	3	15316
1.117	3	1	3	15316
1.118	3	1	3	15316
1.119	3	1	3	15316
1.12	3	1	3	15316
1.121	3	1	3	15316
1.122	3	1	3	15316
1.123	1	1	3	21022
1.123	3	1	3	15316
1.124	1	1	3	48353
1.124	3	1	3	15316
1.125	1	1	3	48353
1.125	3	1	3	15316
1.126	1	1	3	20115
1.126	3	1	3	15316
1.127	1	1	3	15316
1.127	3	1	3	15316
1.128	1	1	3	15316
1.128	3	1	3	15316
1.129	1	1	3	15316
1.129	3	1	3	15316
1.13	1	1	3	15316
1.13	3	1	3	15316
1.131	1	1	3	15316
1.131	3	1	3	15316
1.132	3	1	3	15316
1.133	3	1	3	15316
1.134	3	1	3	15316
1.135	3	1	3	15316
1.136	3	1	3	15316
1.137	1	1	3	21022
1.137	3	1	3	15316
1.138	1	1	3	48353
1.138	3	1	3	15316
1.139	1	1	3	48353
1.139	3	1	3	15316
1.14	1	1	3	20115
1.14	3	1	3	15316
1.141	1	1	3	15316
1.141	3	1	3	15316
1.142	1	1	3	15316
1.142	3	1	3	15316
1.143	1	1	3	15316
1.143	3	1	3	15316
1.144	1	1	3	15316
1.144	3	1	3	15316
1.145	1	1	3	15316
1.145	3	1	3	15316
1.146	3	1	3	15316
1.147	3	1	3	15316
1.148	3	1	3	15316
1.149	3	1	3	15316
1.15	3	1	3	15316
1.151	1	1	3	21022
1.151	3	1	3	15316
1.152	1	1	3	48353
1.152	3	1	3	15316
1.153	1	1	3	48353
1.153	3	1	3	15316
1.154	1	1	3	20115
1.154	3	1	3	15316
1.155	1	1	3	15316
1.155	3	1	3	15316
1.156	1	1	3	15316
1.156	3	1	3	15316
1.157	1	1	3	15316
1.157	3	1	3	15316
1.158	1	1	3	15316
1.158	3	1	3	15316
1.159	1	1	3	15316
1.159	3	1	3	15316
1.16	3	1	3	15316
1.161	3	1	3	15316
1.162	3	1	3	15316
1.163	3	1	3	15316
1.164	3	1	3	15316
1.165	1	1	3	21022
1.165	3	1	3	15316
1.166	1	1	3	48353
1.166	3	1	3	15316
1.167	1	1	3	48353
1.167	3	1	3	15316
1.168	1	1	3	20115
1.168	3	1	3	15316
1.169	1	1	3	15316
1.169	3	1	3	15316
1.17	1	1	3	15316
1.17	3	1	3	15316
1.171	1	1	3	15316
1.171	3	1	3	15316
1.172	1	1	3	15316
1.172	3	1	3	15316
1.173	1	1	3	15316
1.173	3	1	3	15316
1.174	3	1	3	15316
1.175	3	1	3	15316
1.176	3	1	3	15316
1.177	3	1	3	15316
1.178	3	1	3	15316
1.179	1	1	3	21022
1.179	3	1	3	15316
1.18	1	1	3	48353
1.18	3	1	3	15316
1.181	1	1	3	48353
1.181	3	1	3	15316
1.182	1	1	3	20115
1.182	3	1	3	15316
1.183	1	1	3	15316
1.183	3	1	3	15316
1.184	1	1	3	15316
1.184	3	1	3	15316
1.185	1	1	3	15316
1.185	3	1	3	15316
1.186	1	1	3	15316
1.186	3	1	3	15316
1.187	1	1	3	15316
1.187	3	1	3	15316
1.188	3	1	3	15316
1.189	3	1	3	15316
1.19	3	1	3	15316
1.191	3	1	3	15316
1.192	3	1	3	15316
1.193	1	1	3	21022
1.193	3	1	3	15316
1.194	1	1	3	48353
1.194	3	1	3	15316
1.195	1	1	3	48353
1.195	3	1	3	15316
1.196	1	1	3	20115
1.196	3	1	3	15316
1.197	1	1	3	15316
1.197	3	1	3	15316
1.198	1	1	3	15316
1.198	3	1	3	15316
1.199	1	1	3	15316
1.199	3	1	3	15316
1.2	1	1	3	15316
1.2	3	1	3	15316
1.201	1	1	3	15316
1.201	3	1	3	15316
1.202	3	1	3	15316
1.203	3	1	3	15316
1.204	3	1	3	15316
1.205	3	1	3	15316
1.206	3	1	3	15316
1.207	1	1	3	21022
1.207	3	1	3	15316
1.208	1	1	3	48353
1.208	3	1	3	15316
1.209	1	1	3	48353
1.209	3	1	3	15316
1.21	1	1	3	20115
1.21	3	1	3	15316
1.211	1	1	3	15316
1.211	3	1	3	15316
1.212	1	1	3	15316
1.212	3	1	3	15316
1.213	1	1	3	15316
1.213	3	1	3	15316
1.214	1	1	3	15316
1.214	3	1	3	15316
1.215	1	1	3	15316
1.215	3	1	3	15316
1.216	3	1	3	15316
1.217	3	1	3	15316
1.218	3	1	3	15316
1.219	3	1	3	15316
1.22	3	1	3	15316
1.221	1	1	3	21022
1.221	3	1	3	15316
1.222	1	1	3	48353
1.222	3	1	3	15316
1.223	1	1	3	48353
1.223	3	1	3	15316
1.224	1	1	3	20115
1.224	3	1	3	15316
1.225	1	1	3	15316
1.225	3	1	3	15316
1.226	1	1	3	15316
1.226	3	1	3	15316
1.227	1	1	3	15316
1.227	3	1	3	15316
1.228	1	1	3	15316
1.228	3	1	3	15316
1.229	1	1	3	15316
1.229	3	1	3	15316
1.23	3	1	3	15316
1.231	3	1	3	15316
1.232	3	1	3	15316
1.233	3	1	3	15316
1.234	3	1	3	15316
1.235	1	1	3	21022
1.235	3	1	3	15316
1.236	1	1	3	48353
1.236	3	1	3	15316
1.237	1	1	3	48353
1.237	3	1	3	15316
1.238	1	1	3	20115
1.238	3	1	3	15316
1.239	1	1	3	15316
1.239	3	1	3	15316
1.24	1	1	3	15316
1.24	3	1	3	15316
1.241	1	1	3	15316
1.241	3	1	3	15316
1.242	1	1	3	15316
1.242	3	1	3	15316
1.243	1	1	3	15316
1.243	3	1	3	15316
1.244	3	1	3	15316
1.245	3	1	3	15316
1.246	3	1	3	15316
1.247	3	1	3	15316
1.248	3	1	3	15316
1.249	1	1	3	21022
1.249	3	1	3	15316
1.25	1	1	3	48353
1.25	3	1	3	15316
1.251	1	1	3	48353
1.251	3	1	3	15316
1.252	1	1	3	20115
1.252	3	1	3	15316
1.253	1	1	3	15316
1.253	3	1	3	15316
1.254	1	1	3	15316
1.254	3	1	3	15316
1.255	1	1	3	15316
1.255	3	1	3	15316
1.256	1	1	3	15316
1.256	3	1	3	15316
1.257	1	1	3	15316
1.257	3	1	3	15316
1.258	3	1	3	15316
1.259	3	1	3	15316
1.26	3	1	3	15316
1.261	3	1	3	15316
1.262	3	1	3	15316
1.263	1	1	3	21022
1.263	3	1	3	15316
1.264	1	1	3	48353
1.264	3	1	3	15316
1.265	1	1	3	48353
1.265	3	1	3	15316
1.266	1	1	3	20115
1.266	3	1	3	15316
1.267	1	1	3	15316
1.267	3	1	3	15316
1.268	1	1	3	15316
1.268	3	1	3	15316
1.269	1	1	3	15316
1.269	3	1	3	15316
1.27	1	1	3	15316
1.27	3	1	3	15316
1.271	1	1	3	15316
1.271	3	1	3	15316
1.272	3	1	3	15316
1.273	3	1	3	15316
1.274	3	1	3	15316
1.275	3	1	3	15316
1.276	3	1	3	15316
1.277	1	1	3	21022
1.277	3	1	3	15316
1.278	1	1	3	48353
1.278	3	1	3	15316
1.279	1	1	3	48353
1.279	3	1	3	15316
1.28	1	1	3	20115
1.28	3	1	3	15316
1.281	1	1	3	15316
1.281	3	1	3	15316
1.282	1	1	3	15316
1.282	3	1	3	15316
1.283	1	1	3	15316
1.283	3	1	3	15316
1.284	1	1	3	15316
1.284	3	1	3	15316
1.285	1	1	3	15316
1.285	3	1	3	15316
1.286	3	1	3	15316
1.287	3	1	3	15316
1.288	3	1	3	15316
1.289	3	1	3	15316
1.29	3	1	3	15316
1.291	1	1	3	21022
1.291	3	1	3	15316
1.292	1	1	3	48353
1.292	3	1	3	15316
1.293	1	1	3	48353
1.293	3	1	3	15316
1.294	1	1	3	20115
1.294	3	1	3	15316
1.295	1	1	3	15316
1.295	3	1	3	15316
1.296	1	1	3	15316
1.296	3	1	3	15316
1.297	1	1	3	15316
1.297	3	1	3	15316
1.298	1	1	3	15316
1.298	3	1	3	15316
1.299	1	1	3	15316
1.299	3	1	3	15316
1.3	3	1	3	15316
1.301	3	1	3	15316
1.302	3	1	3	15316
1.303	3	1	3	15316
1.304	3	1	3	15316
1.305	1	1	3	21022
1.305	3	1	3	15316
1.306	1	1	3	48353
1.306	3	1	3	15316
1.307	1	1	3	48353
1.307	3	1	3	15316
1.308	1	1	3	20115
1.308	3	1	3	15316
1.309	1	1	3	15316
1.309	3	1	3	15316
1.31	1	1	3	15316
1.31	3	1	3	15316
1.311	1	1	3	15316
1.311	3	1	3	15316
1.312	1	1	3	15316
1.312	3	1	3	15316
1.313	1	1	3	15316
1.313	3	1	3	15316
1.314	3	1	3	15316
1.315	3	1	3	15316
1.316	3	1	3	15316
1.317	3	1	3	15316
1.318	3	1	3	15316
1.319	1	1	3	21022
1.319	3	1	3	15316
1.32	1	1	3	48353
1.32	3	1	3	15316
1.321	1	1	3	48353
1.321	3	1	3	15316
1.322	1	1	3	20115
1.322	3	1	3	15316
1.323	1	1	3	15316
1.323	3	1	3	15316
1.324	1	1	3	15316
1.324	3	1	3	15316
1.325	1	1	3	15316
1.325	3	1	3	15316
1.326	1	1	3	15316
1.326	3	1	3	15316
1.327	1	1	3	15316
1.327	3	1	3	15316
1.328	3	1	3	15316
1.329	3	1	3	15316
1.33	3	1	3	15316
1.331	3	1	3	15316
1.332	3	1	3	15316
1.333	1	1	3	21022
1.333	3	1	3	15316
1.334	1	1	3	48353
1.334	3	1	3	15316
1.335	1	1	3	48353
1.335	3	1	3	15316
1.336	1	1	3	20115
1.336	3	1	3	15316
1.337	1	1	3	15316
1.337	3	1	3	15316
1.338	1	1	3	15316
1.338	3	1	3	15316
1.339	1	1	3	15316
1.339	3	1	3	15316
1.34	1	1	3	15316
1.34	3	1	3	15316
1.341	1	1	3	15316
1.341	3	1	3	15316
1.342	3	1	3	15316
1.343	3	1	3	15316
1.344	3	1	3	15316
1.345	3	1	3	15316
1.346	3	1	3	15316
1.347	1	1	3	21022
1.347	3	1	3	15316
1.348	1	1	3	48353
1.348	3	1	3	15316
1.349	1	1	3	48353
1.349	3	1	3	15316
1.35	1	1	3	20115
1.35	3	1	3	15316
1.351	1	1	3	15316
1.351	3	1	3	15316
1.352	1	1	3	15316
1.352	3	1	3	15316
1.353	1	1	3	15316
1.353	3	1	3	15316
1.354	1	1	3	15316
1.354	3	1	3	15316
1.355	1	1	3	15316
1.355	3	1	3	15316
1.356	3	1	3	15316
1.357	3	1	3	15316
1.358	3	1	3	15316
1.359	3	1	3	15316
1.36	3	1	3	15316
1.361	1	1	3	21022
1.361	3	1	3	15316
1.362	1	1	3	48353
1.362	3	1	3	15316
1.363	1	1	3	48353
1.363	3	1	3	15316
1.364	1	1	3	20115
1.364	3	1	3	15316
1.365	1	1	3	15316
1.365	3	1	3	15316
1.366	1	1	3	15316
1.366	3	1	3	15316
1.367	1	1	3	15316
1.367	3	1	3	15316
1.368	1	1	3	15316
1.368	3	1	3	15316
1.369	1	1	3	15316
1.369	3	1	3	15316
1.37	3	1	3	15316
1.371	3	1	3	15316
1.372	3	1	3	15316
1.373	3	1	3	15316
1.374	3	1	3	15316
1.375	1	1	3	21022
1.375	3	1	3	15316
1.376	1	1	3	48353
1.376	3	1	3	15316
1.377	1	1	3	48353
1.377	3	1	3	15316
1.378	1	1	3	20115
1.378	3	1	3	15316
1.379	1	1	3	15316
1.379	3	1	3	15316
1.38	1	1	3	15316
1.38	3	1	3	15316
1.381	1	1	3	15316
1.381	3	1	3	15316
1.382	1	1	3	15316
1.382	3	1	3	15316
1.383	1	1	3	15316
1.383	3	1	3	15316
1.384	3	1	3	15316
1.385	3	1	3	15316
1.386	3	1	3	15316
1.387	3	1	3	15316
1.388	3	1	3	15316
1.389	1	1	3	21022
1.389	3	1	3	15316
1.39	1	1	3	48353
1.39	3	1	3	15316
1.391	1	1	3	48353
1.391	3	1	3	15316
1.392	1	1	3	20115
1.392	3	1	3	15316
1.393	1	1	3	15316
1.393	3	1	3	15316
1.394	1	1	3	15316
1.394	3	1	3	15316
1.395	1	1	3	15316
1.395	3	1	3	15316
1.396	1	1	3	15316
1.396	3	1	3	15316
1.397	1	1	3	15316
1.397	3	1	3	15316
1.398	3	1	3	15316
1.399	3	1	3	15316
1.4	3	1	3	15316
1.401	3	1	3	15316
1.402	3	1	3	15316
1.403	1	1	3	21022
1.403	3	1	3	15316
1.404	1	1	3	48353
1.404	3	1	3	15316
1.405	1	1	3	48353
1.405	3	1	3	15316
1.406	1	1	3	20115
1.406	3	1	3	15316
1.407	1	1	3	15316
1.407	3	1	3	15316
1.408	1	1	3	15316
1.408	3	1	3	15316
1.409	1	1	3	15316
1.409	3	1	3	15316
1.41	1	1	3	15316
1.41	3	1	3	15316
1.411	1	1	3	15316
1.411	3	1	3	15316
1.412	3	1	3	15316
1.413	3	1	3	15316
1.414	3	1	3	15316
1.415	3	1	3	15316
1.416	3	1	3	15316
1.417	1	1	3	21022
1.417	3	1	3	15316
1.418	1	1	3	48353
1.418	3	1	3	15316
1.419	1	1	3	48353
1.419	3	1	3	15316
1.42	1	1	3	20115
1.42	3	1	3	15316
1.421	1	1	3	15316
1.421	3	1	3	15316
1.422	1	1	3	15316
1.422	3	1	3	15316
1.423	1	1	3	15316
1.423	3	1	3	15316
1.424	1	1	3	15316
1.424	3	1	3	15316
1.425	1	1	3	15316
1.425	3	1	3	15316
1.426	3	1	3	15316
1.427	3	1	3	15316
1.428	3	1	3	15316
1.429	3	1	3	15316
1.43	3	1	3	15316
1.431	1	1	3	21022
1.431	3	1	3	15316
1.432	1	1	3	48353
1.432	3	1	3	15316
1.433	1	1	3	48353
1.433	3	1	3	15316
1.434	1	1	3	20115
1.434	3	1	3	15316
1.435	1	1	3	15316
1.435	3	1	3	15316
1.436	1	1	3	15316
1.436	3	1	3	15316
1.437	1	1	3	15316
1.437	3	1	3	15316
1.438	1	1	3	15316
1.438	3	1	3	15316
1.439	1	1	3	15316
1.439	3	1	3	15316
1.44	3	1	3	15316
1.441	3	1	3	15316
1.442	3	1	3	15316
1.443	3	1	3	15316
1.444	3	1	3	15316
1.445	1	1	3	21022
1.445	3	1	3	15316
1.446	1	1	3	48353
1.446	3	1	3	15316
1.447	1	1	3	48353
1.447	3	1	3	15316
1.448	1	1	3	20115
1.448	3	1	3	15316
1.449	1	1	3	15316
1.449	3	1	3	15316
1.45	1	1	3	15316
1.45	3	1	3	15316
1.451	1	1	3	15316
1.451	3	1	3	15316
1.452	1	1	3	15316
1.452	3	1	3	15316
1.453	1	1	3	15316
1.453	3	1	3	15316
1.454	3	1	3	15316
1.455	3	1	3	15316
1.456	3	1	3	15316
1.457	3	1	3	15316
1.458	3	1	3	15316
1.459	1	1	3	21022
1.459	3	1	3	15316
1.46	1	1	3	48353
1.46	3	1	3	15316
1.461	1	1	3	48353
1.461	3	1	3	15316
1.462	1	1	3	20115
1.462	3	1	3	15316
1.463	1	1	3	15316
1.463	3	1	3	15316
1.464	1	1	3	15316
1.464	3	1	3	15316
1.465	1	1	3	15316
1.465	3	1	3	15316
1.466	1	1	3	15316
1.466	3	1	3	15316
1.467	1	1	3	15316
1.467	3	1	3	15316
1.468	3	1	3	15316
1.469	3	1	3	15316
1.47	3	1	3	15316
1.471	3	1	3	15316
1.472	3	1	3	15316
1.473	1	1	3	21022
1.473	3	1	3	15316
1.474	1	1	3	48353
1.474	3	1	3	15316
1.475	1	1	3	48353
1.475	3	1	3	15316
1.476	1	1	3	20115
1.476	3	1	3	15316
1.477	1	1	3	15316
1.477	3	1	3	15316
1.478	1	1	3	15316
1.478	3	1	3	15316
1.479	1	1	3	15316
1.479	3	1	3	15316
1.48	1	1	3	15316
1.48	3	1	3	15316
1.481	1	1	3	15316
1.481	3	1	3	15316
1.482	3	1	3	15316
1.483	3	1	3	15316
1.484	3	1	3	15316
1.485	3	1	3	15316
1.486	3	1	3	15316
1.487	1	1	3	21022
1.487	3	1	3	15316
1.488	1	1	3	48353
1.488	3	1	3	15316
1.489	1	1	3	48353
1.489	3	1	3	15316
1.49	1	1	3	20115
1.49	3	1	3	15316
1.491	1	1	3	15316
1.491	3	1	3	15316
1.492	1	1	3	15316
1.492	3	1	3	15316
1.493	1	1	3	15316
1.493	3	1	3	15316
1.494	1	1	3	15316
1.494	3	1	3	15316
1.495	1	1	3	15316
1.495	3	1	3	15316
1.496	3	1	3	15316
1.497	3	1	3	15316
1.498	3	1	3	15316
1.499	3	1	3	15316
1.5	3	1	3	15316
1.501	1	1	3	21022
1.501	3	1	3	15316
1.502	1	1	3	48353
1.502	3	1	3	15316
1.503	1	1	3	48353
1.503	3	1	3	15316
1.504	1	1	3	20115
1.504	3	1	3	15316
1.505	1	1	3	15316
1.505	3	1	3	15316
1.506	1	1	3	15316
1.506	3	1	3	15316
1.507	1	1	3	15316
1.507	3	1	3	15316
1.508	1	1	3	15316
1.508	3	1	3	15316
1.509	1	1	3	15316
1.509	3	1	3	15316
1.51	3	1	3	15316
1.511	3	1	3	15316
1.512	3	1	3	15316
1.513	3	1	3	15316
1.514	3	1	3	15316
1.515	1	1	3	21022
1.515	3	1	3	15316
1.516	1	1	3	48353
1.516	3	1	3	15316
1.517	1	1	3	48353
1.517	3	1	3	15316
1.518	1	1	3	20115
1.518	3	1	3	15316
1.519	1	1	3	15316
1.519	3	1	3	15316
1.52	1	1	3	15316
1.52	3	1	3	15316
1.521	1	1	3	15316
1.521	3	1	3	15316
1.522	1	1	3	15316
1.522	3	1	3	15316
1.523	1	1	3	15316
1.523	3	1	3	15316
1.524	3	1	3	15316
1.525	3	1	3	15316
1.526	3	1	3	15316
1.527	3	1	3	15316
1.528	3	1	3	15316
1.529	1	1	3	21022
1.529	3	1	3	15316
1.53	1	1	3	48353
1.53	3	1	3	15316
1.531	1	1	3	48353
1.531	3	1	3	15316
1.532	1	1	3	20115
1.532	3	1	3	15316
1.533	1	1	3	15316
1.533	3	1	3	15316
1.534	1	1	3	15316
1.534	3	1	3	15316
1.535	1	1	3	15316
1.535	3	1	3	15316
1.536	1	1	3	15316
1.536	3	1	3	15316
1.537	1	1	3	15316
1.537	3	1	3	15316
1.538	3	1	3	15316
1.539	3	1	3	15316
1.54	3	1	3	15316
1.541	3	1	3	15316
1.542	3	1	3	15316
1.543	1	1	3	21022
1.543	3	1	3	15316
1.544	1	1	3	48353
1.544	3	1	3	15316
1.545	1	1	3	48353
1.545	3	1	3	15316
1.546	1	1	3	20115
1.546	3	1	3	15316
1.547	1	1	3	15316
1.547	3	1	3	15316
1.548	1	1	3	15316
1.548	3	1	3	15316
1.549	1	1	3	15316
1.549	3	1	3	15316
1.55	1	1	3	15316
1.55	3	1	3	15316
1.551	1	1	3	15316
1.551	3	1	3	15316
1.552	3	1	3	15316
1.553	3	1	3	15316
1.554	3	1	3	15316
1.555	3	1	3	15316
1.556	3	1	3	15316
1.557	1	1	3	21022
1.557	3	1	3	15316
1.558	1	1	3	48353
1.558	3	1	3	15316
1.559	1	1	3	48353
1.559	3	1	3	15316
1.56	1	1	3	20115
1.56	3	1	3	15316
1.561	1	1	3	15316
1.561	3	1	3	15316
1.562	1	1	3	15316
1.562	3	1	3	15316
1.563	1	1	3	15316
1.563	3	1	3	15316
1.564	1	1	3	15316
1.564	3	1	3	15316
1.565	1	1	3	15316
1.565	3	1	3	15316
1.566	3	1	3	15316
1.567	3	1	3	15316
1.568	3	1	3	15316
1.569	3	1	3	15316
1.57	3	1	3	15316
1.571	1	1	3	21022
1.571	3	1	3	15316
1.572	1	1	3	48353
1.572	3	1	3	15316
1.573	1	1	3	48353
1.573	3	1	3	15316
1.574	1	1	3	20115
1.574	3	1	3	15316
1.575	1	1	3	15316
1.575	3	1	3	15316
1.576	1	1	3	15316
1.576	3	1	3	15316
1.577	1	1	3	15316
1.577	3	1	3	15316
1.578	1	1	3	15316
1.578	3	1	3	15316
1.579	1	1	3	15316
1.579	3	1	3	15316
1.58	3	1	3	15316
1.581	3	1	3	15316
1.582	3	1	3	15316
1.583	3	1	3	15316
1.584	3	1	3	15316
1.585	1	1	3	21022
1.585	3	1	3	15316
1.586	1	1	3	48353
1.586	3	1	3	15316
1.587	1	1	3	48353
1.587	3	1	3	15316
1.588	1	1	3	20115
1.588	3	1	3	15316
1.589	1	1	3	15316
1.589	3	1	3	15316
1.59	1	1	3	15316
1.59	3	1	3	15316
1.591	1	1	3	15316
1.591	3	1	3	15316
1.592	1	1	3	15316
1.592	3	1	3	15316
1.593	1	1	3	15316
1.593	3	1	3	15316
1.594	3	1	3	15316
1.595	3	1	3	15316
1.596	3	1	3	15316
1.597	3	1	3	15316
1.598	3	1	3	15316
1.599	1	1	3	21022
1.599	3	1	3	15316
1.6	1	1	3	48353
1.6	3	1	3	15316
1.601	1	1	3	48353
1.601	3	1	3	15316
1.602	1	1	3	20115
1.602	3	1	3	15316
1.603	1	1	3	15316
1.603	3	1	3	15316
1.604	1	1	3	15316
1.604	3	1	3	15316
1.605	1	1	3	15316
1.605	3	1	3	15316
1.606	1	1	3	15316
1.606	3	1	3	15316
1.607	1	1	3	15316
1.607	3	1	3	15316
1.608	3	1	3	15316
1.609	3	1	3	15316
1.61	3	1	3	15316
1.611	3	1	3	15316
1.612	3	1	3	15316
1.613	1	1	3	21022
1.613	3	1	3	15316
1.614	1	1	3	48353
1.614	3	1	3	15316
1.615	1	1	3	48353
1.615	3	1	3	15316
1.616	1	1	3	20115
1.616	3	1	3	15316
1.617	1	1	3	15316
1.617	3	1	3	15316
1.618	1	1	3	15316
1.618	3	1	3	15316
1.619	1	1	3	15316
1.619	3	1	3	15316
1.62	1	1	3	15316
1.62	3	1	3	15316
1.621	1	1	3	15316
1.621	3	1	3	15316
1.622	3	1	3	15316
1.623	3	1	3	15316
1.624	3	1	3	15316
1.625	3	1	3	15316
1.626	3	1	3	15316
1.627	1	1	3	21022
1.627	3	1	3	15316
1.628	1	1	3	48353
1.628	3	1	3	15316
1.629	1	1	3	48353
1.629	3	1	3	15316
1.63	1	1	3	20115
1.63	3	1	3	15316
1.631	1	1	3	15316
1.631	3	1	3	15316
1.632	1	1	3	15316
1.632	3	1	3	15316
1.633	1	1	3	15316
1.633	3	1	3	15316
1.634	1	1	3	15316
1.634	3	1	3	15316
1.635	1	1	3	15316
1.635	3	1	3	15316
1.636	3	1	3	15316
1.637	3	1	3	15316
1.638	3	1	3	15316
1.639	3	1	3	15316
1.64	3	1	3	15316
1.641	1	1	3	21022
1.641	3	1	3	15316
1.642	1	1	3	48353
1.642	3	1	3	15316
1.643	1	1	3	48353
1.643	3	1	3	15316
1.644	1	1	3	20115
1.644	3	1	3	15316
1.645	1	1	3	15316
1.645	3	1	3	15316
1.646	1	1	3	15316
1.646	3	1	3	15316
1.647	1	1	3	15316
1.647	3	1	3	15316
1.648	1	1	3	15316
1.648	3	1	3	15316
1.649	1	1	3	15316
1.649	3	1	3	15316
1.65	3	1	3	15316
1.651	3	1	3	15316
1.652	3	1	3	15316
1.653	3	1	3	15316
1.654	3	1	3	15316
1.655	1	1	3	21022
1.655	3	1	3	15316
1.656	1	1	3	44326
1.656	3	1	3	15316
1.657	1	1	3	48353
1.657	3	1	3	15316
1.658	1	1	3	24142
1.658	3	1	3	15316
1.659	1	1	3	15316
1.659	3	1	3	15316
1.66	1	1	3	15316
1.66	3	1	3	15316
1.661	1	1	3	15316
1.661	3	1	3	15316
1.662	1	1	3	15316
1.662	3	1	3	15316
1.663	1	1	3	15316
1.663	3	1	3	15316
1.664	3	1	3	15316
1.665	3	1	3	15316
1.666	3	1	3	15316
1.667	3	1	3	15316
1.668	3	1	3	15316
1.669	1	1	3	21022
1.669	3	1	3	15316
1.67	1	1	3	48353
1.67	3	1	3	15316
1.671	1	1	3	48353
1.671	3	1	3	15316
1.672	1	1	3	20115
1.672	3	1	3	15316
1.673	1	1	3	15316
1.673	3	1	3	15316
1.674	1	1	3	15316
1.674	3	1	3	15316
1.675	1	1	3	15316
1.675	3	1	3	15316
1.676	1	1	3	15316
1.676	3	1	3	15316
1.677	1	1	3	15316
1.677	3	1	3	15316
1.678	3	1	3	15316
1.679	3	1	3	15316
1.68	3	1	3	15316
1.681	3	1	3	15316
1.682	3	1	3	15316
1.683	1	1	3	21022
1.683	3	1	3	15316
1.684	1	1	3	48353
1.684	3	1	3	15316
1.685	1	1	3	48353
1.685	3	1	3	15316
1.686	1	1	3	20115
1.686	3	1	3	15316
1.687	1	1	3	15316
1.687	3	1	3	15316
1.688	1	1	3	15316
1.688	3	1	3	15316
1.689	1	1	3	15316
1.689	3	1	3	15316
1.69	1	1	3	15316
1.69	3	1	3	15316
1.691	1	1	3	15316
1.691	3	1	3	15316
1.692	3	1	3	15316
1.693	3	1	3	15316
1.694	3	1	3	15316
1.695	3	1	3	15316
1.696	3	1	3	15316
1.697	1	1	3	21022
1.697	3	1	3	15316
1.698	1	1	3	48353
1.698	3	1	3	15316
1.699	1	1	3	48353
1.699	3	1	3	15316
1.7	1	1	3	20115
1.7	3	1	3	15316
1.701	1	1	3	15316
1.701	3	1	3	15316
1.702	1	1	3	15316
1.702	3	1	3	15316
1.703	1	1	3	15316
1.703	3	1	3	15316
1.704	1	1	3	15316
1.704	3	1	3	15316
1.705	1	1	3	15316
1.705	3	1	3	15316
1.706	3	1	3	15316
1.707	3	1	3	15316
1.708	3	1	3	15316
1.709	3	1	3	15316
1.71	3	1	3	15316
1.711	1	1	3	21022
1.711	3	1	3	15316
1.712	1	1	3	48353
1.712	3	1	3	15316
1.713	1	1	3	48353
1.713	3	1	3	15316
1.714	1	1	3	20115
1.714	3	1	3	15316
1.715	1	1	3	15316
1.715	3	1	3	15316
1.716	1	1	3	15316
1.716	3	1	3	15316
1.717	1	1	3	15316
1.717	3	1	3	15316
1.718	1	1	3	15316
1.718	3	1	3	15316
1.719	1	1	3	15316
1.719	3	1	3	15316
1.72	3	1	3	15316
1.721	3	1	3	15316
1.722	3	1	3	15316
1.723	3	1	3	15316
1.724	3	1	3	15316
1.725	1	1	3	21022
1.725	3	1	3	15316
1.726	1	1	3	48353
1.726	3	1	3	15316
1.727	1	1	3	48353
1.727	3	1	3	15316
1.728	1	1	3	20115
1.728	3	1	3	15316
1.729	1	1	3	15316
1.729	3	1	3	15316
1.73	1	1	3	15316
1.73	3	1	3	15316
1.731	1	1	3	15316
1.731	3	1	3	15316
1.732	1	1	3	15316
1.732	3	1	3	15316
1.733	1	1	3	15316
1.733	3	1	3	15316
1.734	3	1	3	15316
1.735	3	1	3	15316
1.736	3	1	3	15316
1.737	3	1	3	15316
1.738	3	1	3	15316
1.739	1	1	3	21022
1.739	3	1	3	15316
1.74	1	1	3	48353
1.74	3	1	3	15316
1.741	1	1	3	48353
1.741	3	1	3	15316
1.742	1	1	3	20115
1.742	3	1	3	15316
1.743	1	1	3	15316
1.743	3	1	3	15316
1.744	1	1	3	15316
1.744	3	1	3	15316
1.745	1	1	3	15316
1.745	3	1	3	15316
1.746	1	1	3	15316
1.746	3	1	3	15316
1.747	1	1	3	15316
1.747	3	1	3	15316
1.748	3	1	3	15316
1.749	3	1	3	15316
1.75	3	1	3	15316
1.751	3	1	3	15316
1.752	3	1	3	15316
1.753	1	1	3	21022
1.753	3	1	3	15316
1.754	1	1	3	48353
1.754	3	1	3	15316
1.755	1	1	3	48353
1.755	3	1	3	15316
1.756	1	1	3	20115
1.756	3	1	3	15316
1.757	1	1	3	15316
1.757	3	1	3	15316
1.758	1	1	3	15316
1.758	3	1	3	15316
1.759	1	1	3	15316
1.759	3	1	3	15316
1.76	1	1	3	15316
1.76	3	1	3	15316
1.761	1	1	3	15316
1.761	3	1	3	15316
1.762	3	1	3	15316
1.763	3	1	3	15316
1.764	3	1	3	15316
1.765	3	1	3	15316
1.766	3	1	3	15316
1.767	1	1	3	21022
1.767	3	1	3	15316
1.768	1	1	3	48353
1.768	3	1	3	15316
1.769	1	1	3	48353
1.769	3	1	3	15316
1.77	1	1	3	20115
1.77	3	1	3	15316
1.771	1	1	3	15316
1.771	3	1	3	15316
1.772	1	1	3	15316
1.772	3	1	3	15316
1.773	1	1	3	15316
1.773	3	1	3	15316
1.774	1	1	3	15316
1.774	3	1	3	15316
1.775	1	1	3	15316
1.775	3	1	3	15316
1.776	3	1	3	15316
1.777	3	1	3	15316
1.778	3	1	3	15316
1.779	3	1	3	15316
1.78	3	1	3	15316
1.781	1	1	3	21022
1.781	3	1	3	15316
1.782	1	1	3	48353
1.782	3	1	3	15316
1.783	1	1	3	48353
1.783	3	1	3	15316
1.784	1	1	3	20115
1.784	3	1	3	15316
1.785	1	1	3	15316
1.785	3	1	3	15316
1.786	1	1	3	15316
1.786	3	1	3	15316
1.787	1	1	3	15316
1.787	3	1	3	15316
1.788	1	1	3	15316
1.788	3	1	3	15316
1.789	1	1	3	15316
1.789	3	1	3	15316
1.79	3	1	3	15316
1.791	3	1	3	15316
1.792	3	1	3	15316
1.793	3	1	3	15316
1.794	3	1	3	15316
1.795	1	1	3	21022
1.795	3	1	3	15316
1.796	1	1	3	48353
1.796	3	1	3	15316
1.797	1	1	3	48353
1.797	3	1	3	15316
1.798	1	1	3	20115
1.798	3	1	3	15316
1.799	1	1	3	15316
1.799	3	1	3	15316
1.8	1	1	3	15316
1.8	3	1	3	15316
1.801	1	1	3	15316
1.801	3	1	3	15316
1.802	1	1	3	15316
1.802	3	1	3	15316
1.803	1	1	3	15316
1.803	3	1	3	15316
1.804	3	1	3	15316
1.805	3	1	3	15316
1.806	3	1	3	15316
1.807	3	1	3	15316
1.808	3	1	3	15316
1.809	1	1	3	21022
1.809	3	1	3	15316
1.81	1	1	3	48353
1.81	3	1	3	15316
1.811	1	1	3	48353
1.811	3	1	3	15316
1.812	1	1	3	20115
1.812	3	1	3	15316
1.813	1	1	3	15316
1.813	3	1	3	15316
1.814	1	1	3	15316
1.814	3	1	3	15316
1.815	1	1	3	15316
1.815	3	1	3	15316
1.816	1	1	3	15316
1.816	3	1	3	15316
1.817	1	1	3	15316
1.817	3	1	3	15316
1.818	3	1	3	15316
1.819	3	1	3	15316
1.82	3	1	3	15316
1.821	3	1	3	15316
1.822	3	1	3	15316
1.823	1	1	3	21022
1.823	3	1	3	15316
1.824	1	1	3	48353
1.824	3	1	3	15316
1.825	1	1	3	48353
1.825	3	1	3	15316
1.826	1	1	3	20115
1.826	3	1	3	15316
1.827	1	1	3	15316
1.827	3	1	3	15316
1.828	1	1	3	15316
1.828	3	1	3	15316
1.829	1	1	3	15316
1.829	3	1	3	15316
1.83	1	1	3	15316
1.83	3	1	3	15316
1.831	1	1	3	15316
1.831	3	1	3	15316
1.832	3	1	3	15316
1.833	3	1	3	15316
1.834	3	1	3	15316
1.835	3	1	3	15316
1.836	3	1	3	15316
1.837	1	1	3	21022
1.837	3	1	3	15316
1.838	1	1	3	48353
1.838	3	1	3	15316
1.839	1	1	3	48353
1.839	3	1	3	15316
1.84	1	1	3	20115
1.84	3	1	3	15316
1.841	1	1	3	15316
1.841	3	1	3	15316
1.842	1	1	3	15316
1.842	3	1	3	15316
1.843	1	1	3	15316
1.843	3	1	3	15316
1.844	1	1	3	15316
1.844	3	1	3	15316
1.845	1	1	3	15316
1.845	3	1	3	15316
1.846	3	1	3	15316
1.847	3	1	3	15316
1.848	3	1	3	15316
1.849	3	1	3	15316
1.85	3	1	3	15316
1.851	1	1	3	21022
1.851	3	1	3	15316
1.852	1	1	3	48353
1.852	3	1	3	15316
1.853	1	1	3	48353
1.853	3	1	3	15316
1.854	1	1	3	20115
1.854	3	1	3	15316
1.855	1	1	3	15316
1.855	3	1	3	15316
1.856	1	1	3	15316
1.856	3	1	3	15316
1.857	1	1	3	15316
1.857	3	1	3	15316
1.858	1	1	3	15316
1.858	3	1	3	15316
1.859	1	1	3	15316
1.859	3	1	3	15316
1.86	3	1	3	15316
1.861	3	1	3	15316
1.862	3	1	3	15316
1.863	3	1	3	15316
1.864	3	1	3	15316
1.865	1	1	3	21022
1.865	3	1	3	15316
1.866	1	1	3	48353
1.866	3	1	3	15316
1.867	1	1	3	48353
1.867	3	1	3	15316
1.868	1	1	3	20115
1.868	3	1	3	15316
1.869	1	1	3	15316
1.869	3	1	3	15316
1.87	1	1	3	15316
1.87	3	1	3	15316
1.871	1	1	3	15316
1.871	3	1	3	15316
1.872	1	1	3	15316
1.872	3	1	3	15316
1.873	1	1	3	15316
1.873	3	1	3	15316
1.874	3	1	3	15316
1.875	3	1	3	15316
1.876	3	1	3	15316
1.877	3	1	3	15316
1.878	3	1	3	15316
1.879	1	1	3	21022
1.879	3	1	3	15316
1.88	1	1	3	48353
1.88	3	1	3	15316
1.881	1	1	3	48353
1.881	3	1	3	15316
1.882	1	1	3	20115
1.882	3	1	3	15316
1.883	1	1	3	15316
1.883	3	1	3	15316
1.884	1	1	3	15316
1.884	3	1	3	15316
1.885	1	1	3	15316
1.885	3	1	3	15316
1.886	1	1	3	15316
1.886	3	1	3	15316
1.887	1	1	3	15316
1.887	3	1	3	15316
1.888	3	1	3	15316
1.889	3	1	3	15316
1.89	3	1	3	15316
1.891	3	1	3	15316
1.892	3	1	3	15316
1.893	1	1	3	21022
1.893	3	1	3	15316
1.894	1	1	3	48353
1.894	3	1	3	15316
1.895	1	1	3	48353
1.895	3	1	3	15316
1.896	1	1	3	20115
1.896	3	1	3	15316
1.897	1	1	3	15316
1.897	3	1	3	15316
1.898	1	1	3	15316
1.898	3	1	3	15316
1.899	1	1	3	15316
1.899	3	1	3	15316
1.9	1	1	3	15316
1.9	3	1	3	15316
1.901	1	1	3	15316
1.901	3	1	3	15316
1.902	3	1	3	15316
1.903	3	1	3	15316
1.904	3	1	3	15316
1.905	3	1	3	15316
1.906	3	1	3	15316
1.907	1	1	3	21022
1.907	3	1	3	15316
1.908	1	1	3	48353
1.908	3	1	3	15316
1.909	1	1	3	48353
1.909	3	1	3	15316
1.91	1	1	3	20115
1.91	3	1	3	15316
1.911	1	1	3	15316
1.911	3	1	3	15316
1.912	1	1	3	15316
1.912	3	1	3	15316
1.913	1	1	3	15316
1.913	3	1	3	15316
1.914	1	1	3	15316
1.914	3	1	3	15316
1.915	1	1	3	15316
1.915	3	1	3	15316
1.916	3	1	3	15316
1.917	3	1	3	15316
1.918	3	1	3	15316
1.919	3	1	3	15316
1.92	3	1	3	15316
1.921	1	1	3	21022
1.921	3	1	3	15316
1.922	1	1	3	48353
1.922	3	1	3	15316
1.923	1	1	3	48353
1.923	3	1	3	15316
1.924	1	1	3	20115
1.924	3	1	3	15316
1.925	1	1	3	15316
1.925	3	1	3	15316
1.926	1	1	3	15316
1.926	3	1	3	15316
1.927	1	1	3	15316
1.927	3	1	3	15316
1.928	1	1	3	15316
1.928	3	1	3	15316
1.929	1	1	3	15316
1.929	3	1	3	15316
1.93	3	1	3	15316
1.931	3	1	3	15316
1.932	3	1	3	15316
1.933	3	1	3	15316
1.934	3	1	3	15316
1.935	1	1	3	21022
1.935	3	1	3	15316
1.936	1	1	3	48353
1.936	3	1	3	15316
1.937	1	1	3	48353
1.937	3	1	3	15316
1.938	1	1	3	20115
1.938	3	1	3	15316
1.939	1	1	3	15316
1.939	3	1	3	15316
1.94	1	1	3	15316
1.94	3	1	3	15316
1.941	1	1	3	15316
1.941	3	1	3	15316
1.942	1	1	3	15316
1.942	3	1	3	15316
1.943	1	1	3	15316
1.943	3	1	3	15316
1.944	3	1	3	15316
1.945	3	1	3	15316
1.946	3	1	3	15316
1.947	3	1	3	15316
1.948	3	1	3	15316
1.949	1	1	3	21022
1.949	3	1	3	15316
1.95	1	1	3	48353
1.95	3	1	3	15316
1.951	1	1	3	48353
1.951	3	1	3	15316
1.952	1	1	3	20115
1.952	3	1	3	15316
1.953	1	1	3	15316
1.953	3	1	3	15316
1.954	1	1	3	15316
1.954	3	1	3	15316
1.955	1	1	3	15316
1.955	3	1	3	15316
1.956	1	1	3	15316
1.956	3	1	3	15316
1.957	1	1	3	15316
1.957	3	1	3	15316
1.958	3	1	3	15316
1.959	3	1	3	15316
1.96	3	1	3	15316
1.961	3	1	3	15316
1.962	3	1	3	15316
1.963	1	1	3	21022
1.963	3	1	3	15316
1.964	1	1	3	48353
1.964	3	1	3	15316
1.965	1	1	3	48353
1.965	3	1	3	15316
1.966	1	1	3	20115
1.966	3	1	3	15316
1.967	1	1	3	15316
1.967	3	1	3	15316
1.968	1	1	3	15316
1.968	3	1	3	15316
1.969	1	1	3	15316
1.969	3	1	3	15316
1.97	1	1	3	15316
1.97	3	1	3	15316
1.971	1	1	3	15316
1.971	3	1	3	15316
1.972	3	1	3	15316
1.973	3	1	3	15316
1.974	3	1	3	15316
1.975	3	1	3	15316
1.976	3	1	3	15316
1.977	1	1	3	21022
1.977	3	1	3	15316
1.978	1	1	3	48353
1.978	3	1	3	15316
1.979	1	1	3	48353
1.979	3	1	3	15316
1.98	1	1	3	20115
1.98	3	1	3	15316
1.981	1	1	3	15316
1.981	3	1	3	15316
1.982	1	1	3	15316
1.982	3	1	3	15316
1.983	1	1	3	15316
1.983	3	1	3	15316
1.984	1	1	3	15316
1.984	3	1	3	15316
1.985	1	1	3	15316
1.985	3	1	3	15316
1.986	3	1	3	15316
1.987	3	1	3	15316
1.988	3	1	3	15316
1.989	3	1	3	15316
1.99	3	1	3	15316
1.991	1	1	3	21022
1.991	3	1	3	15316
1.992	1	1	3	48353
1.992	3	1	3	15316
1.993	1	1	3	48353
1.993	3	1	3	15316
1.994	1	1	3	20115
1.994	3	1	3	15316
1.995	1	1	3	15316
1.995	3	1	3	15316
1.996	1	1	3	15316
1.996	3	1	3	15316
1.997	1	1	3	15316
1.997	3	1	3	15316
1.998	1	1	3	15316
1.998	3	1	3	15316
1.999	1	1	3	15316
1.999	3	1	3	15316
2	3	1	3	15316
2.001	3	1	3	15316
2.002	3	1	3	15316
2.003	3	1	3	15316
2.004	3	1	3	15316
2.005	1	1	3	21022
2.005	3	1	3	15316
2.006	1	1	3	48353
2.006	3	1	3	15316
2.007	1	1	3	48353
2.007	3	1	3	15316
2.008	1	1	3	20115
2.008	3	1	3	15316
2.009	1	1	3	15316
2.009	3	1	3	15316
2.01	1	1	3	15316
2.01	3	1	3	15316
2.011	1	1	3	15316
2.011	3	1	3	15316
2.012	1	1	3	15316
2.012	3	1	3	15316
2.013	1	1	3	15316
2.013	3	1	3	15316
2.014	3	1	3	15316
2.015	3	1	3	15316
2.016	3	1	3	15316
2.017	3	1	3	15316
2.018	3	1	3	15316
2.019	1	1	3	21022
2.019	3	1	3	15316
2.02	1	1	3	48353
2.02	3	1	3	15316
2.021	1	1	3	48353
2.021	3	1	3	15316
2.022	1	1	3	20115
2.022	3	1	3	15316
2.023	1	1	3	15316
2.023	3	1	3	15316
2.024	1	1	3	15316
2.024	3	1	3	15316
2.025	1	1	3	15316
2.025	3	1	3	15316
2.026	1	1	3	15316
2.026	3	1	3	15316
2.027	1	1	3	15316
2.027	3	1	3	15316
2.028	3	1	3	15316
2.029	3	1	3	15316
2.03	3	1	3	15316
2.031	3	1	3	15316
2.032	3	1	3	15316
2.033	1	1	3	21022
2.033	3	1	3	15316
2.034	1	1	3	48353
2.034	3	1	3	15316
2.035	1	1	3	48353
2.035	3	1	3	15316
2.036	1	1	3	20115
2.036	3	1	3	15316
2.037	1	1	3	15316
2.037	3	1	3	15316
2.038	1	1	3	15316
2.038	3	1	3	15316
2.039	1	1	3	15316
2.039	3	1	3	15316
2.04	1	1	3	15316
2.04	3	1	3	15316
2.041	1	1	3	15316
2.041	3	1	3	15316
2.042	3	1	3	15316
2.043	3	1	3	15316
2.044	3	1	3	15316
2.045	3	1	3	15316
2.046	3	1	3	15316
2.047	1	1	3	21022
2.047	3	1	3	15316
2.048	1	1	3	48353
2.048	3	1	3	15316
2.049	1	1	3	48353
2.049	3	1	3	15316
2.05	1	1	3	20115
2.05	3	1	3	15316
2.051	1	1	3	15316
2.051	3	1	3	15316
2.052	1	1	3	15316
2.052	3	1	3	15316
2.053	1	1	3	15316
2.053	3	1	3	15316
2.054	1	1	3	15316
2.054	3	1	3	15316
2.055	1	1	3	15316
2.055	3	1	3	15316
2.056	3	1	3	15316
2.057	3	1	3	15316
2.058	3	1	3	15316
2.059	3	1	3	15316
2.06	3	1	3	15316
2.061	1	1	3	21022
2.061	3	1	3	15316
2.062	1	1	3	48353
2.062	3	1	3	15316
2.063	1	1	3	48353
2.063	3	1	3	15316
2.064	1	1	3	20115
2.064	3	1	3	15316
2.065	1	1	3	15316
2.065	3	1	3	15316
2.066	1	1	3	15316
2.066	3	1	3	15316
2.067	1	1	3	15316
2.067	3	1	3	15316
2.068	1	1	3	15316
2.068	3	1	3	15316
2.069	1	1	3	15316
2.069	3	1	3	15316
2.07	3	1	3	15316
2.071	3	1	3	15316
2.072	3	1	3	15316
2.073	3	1	3	15316
2.074	3	1	3	15316
2.075	1	1	3	21022
2.075	3	1	3	15316
2.076	1	1	3	48353
2.076	3	1	3	15316
2.077	1	1	3	48353
2.077	3	1	3	15316
2.078	1	1	3	20115
2.078	3	1	3	15316
2.079	1	1	3	15316
2.079	3	1	3	15316
2.08	1	1	3	15316
2.08	3	1	3	15316
2.081	1	1	3	15316
2.081	3	1	3	15316
2.082	1	1	3	15316
2.082	3	1	3	15316
2.083	1	1	3	15316
2.083	3	1	3	15316
2.084	3	1	3	15316
2.085	3	1	3	15316
2.086	3	1	3	15316
2.087	3	1	3	15316
2.088	3	1	3	15316
2.089	1	1	3	21022
2.089	3	1	3	15316
2.09	1	1	3	48353
2.09	3	1	3	15316
2.091	1	1	3	48353
2.091	3	1	3	15316
2.092	1	1	3	20115
2.092	3	1	3	15316
2.093	1	1	3	15316
2.093	3	1	3	15316
2.094	1	1	3	15316
2.094	3	1	3	15316
2.095	1	1	3	15316
2.095	3	1	3	15316
2.096	1	1	3	15316
2.096	3	1	3	15316
2.097	1	1	3	15316
2.097	3	1	3	15316
2.098	3	1	3	15316
2.099	3	1	3	15316
2.1	3	1	3	15316
2.101	3	1	3	15316
2.102	3	1	3	15316
2.103	1	1	3	21022
2.103	3	1	3	15316
2.104	1	1	3	48353
2.104	3	1	3	15316
2.105	1	1	3	48353
2.105	3	1	3	15316
2.106	1	1	3	20115
2.106	3	1	3	15316
2.107	1	1	3	15316
2.107	3	1	3	15316
2.108	1	1	3	15316
2.108	3	1	3	15316
2.109	1	1	3	15316
2.109	3	1	3	15316
2.11	1	1	3	15316
2.11	3	1	3	15316
2.111	1	1	3	15316
2.111	3	1	3	15316
2.112	3	1	3	15316
2.113	3	1	3	15316
2.114	3	1	3	15316
2.115	3	1	3	15316
2.116	3	1	3	15316
2.117	1	1	3	21022
2.117	3	1	3	15316
2.118	1	1	3	48353
2.118	3	1	3	15316
2.119	1	1	3	48353
2.119	3	1	3	15316
2.12	1	1	3	20115
2.12	3	1	3	15316
2.121	1	1	3	15316
2.121	3	1	3	15316
2.122	1	1	3	15316
2.122	3	1	3	15316
2.123	1	1	3	15316
2.123	3	1	3	15316
2.124	1	1	3	15316
2.124	3	1	3	15316
2.125	1	1	3	15316
2.125	3	1	3	15316
2.126	3	1	3	15316
2.127	3	1	3	15316
2.128	3	1	3	15316
2.129	3	1	3	15316
2.13	3	1	3	15316
2.131	1	1	3	21022
2.131	3	1	3	15316
2.132	1	1	3	48353
2.132	3	1	3	15316
2.133	1	1	3	48353
2.133	3	1	3	15316
2.134	1	1	3	20115
2.134	3	1	3	15316
2.135	1	1	3	15316
2.135	3	1	3	15316
2.136	1	1	3	15316
2.136	3	1	3	15316
2.137	1	1	3	15316
2.137	3	1	3	15316
2.138	1	1	3	15316
2.138	3	1	3	15316
2.139	1	1	3	15316
2.139	3	1	3	15316
2.14	3	1	3	15316
2.141	3	1	3	15316
2.142	3	1	3	15316
2.143	3	1	3	15316
2.144	3	1	3	15316
2.145	1	1	3	21022
2.145	3	1	3	15316
2.146	1	1	3	48353
2.146	3	1	3	15316
2.147	1	1	3	48353
2.147	3	1	3	15316
2.148	1	1	3	20115
2.148	3	1	3	15316
2.149	1	1	3	15316
2.149	3	1	3	15316
2.15	1	1	3	15316
2.15	3	1	3	15316
2.151	1	1	3	15316
2.151	3	1	3	15316
2.152	1	1	3	15316
2.152	3	1	3	15316
2.153	1	1	3	15316
2.153	3	1	3	15316
2.154	3	1	3	15316
2.155	3	1	3	15316
2.156	3	1	3	15316
2.157	3	1	3	15316
2.158	3	1	3	15316
2.159	1	1	3	21022
2.159	3	1	3	15316
2.16	1	1	3	48353
2.16	3	1	3	15316
2.161	1	1	3	48353
2.161	3	1	3	15316
2.162	1	1	3	20115
2.162	3	1	3	15316
2.163	1	1	3	15316
2.163	3	1	3	15316
2.164	1	1	3	15316
2.164	3	1	3	15316
2.165	1	1	3	15316
2.165	3	1	3	15316
2.166	1	1	3	15316
2.166	3	1	3	15316
2.167	1	1	3	15316
2.167	3	1	3	15316
2.168	3	1	3	15316
2.169	3	1	3	15316
2.17	3	1	3	15316
2.171	3	1	3	15316
2.172	3	1	3	15316
2.173	1	1	3	21022
2.173	3	1	3	15316
2.174	1	1	3	48353
2.174	3	1	3	15316
2.175	1	1	3	48353
2.175	3	1	3	15316
2.176	1	1	3	20115
2.176	3	1	3	15316
2.177	1	1	3	15316
2.177	3	1	3	15316
2.178	1	1	3	15316
2.178	3	1	3	15316
2.179	1	1	3	15316
2.179	3	1	3	15316
2.18	1	1	3	15316
2.18	3	1	3	15316
2.181	1	1	3	15316
2.181	3	1	3	15316
2.182	3	1	3	15316
2.183	3	1	3	15316
2.184	3	1	3	15316
2.185	3	1	3	15316
2.186	3	1	3	15316
2.187	1	1	3	21022
2.187	3	1	3	15316
2.188	1	1	3	48353
2.188	3	1	3	15316
2.189	1	1	3	48353
2.189	3	1	3	15316
2.19	1	1	3	20115
2.19	3	1	3	15316
2.191	1	1	3	15316
2.191	3	1	3	15316
2.192	1	1	3	15316
2.192	3	1	3	15316
2.193	1	1	3	15316
2.193	3	1	3	15316
2.194	1	1	3	15316
2.194	3	1	3	15316
2.195	1	1	3	15316
2.195	3	1	3	15316
2.196	3	1	3	15316
2.197	3	1	3	15316
2.198	3	1	3	15316
2.199	3	1	3	15316
2.2	3	1	3	15316
2.201	1	1	3	21022
2.201	3	1	3	15316
2.202	1	1	3	48353
2.202	3	1	3	15316
2.203	1	1	3	48353
2.203	3	1	3	15316
2.204	1	1	3	20115
2.204	3	1	3	15316
2.205	1	1	3	15316
2.205	3	1	3	15316
2.206	1	1	3	15316
2.206	3	1	3	15316
2.207	1	1	3	15316
2.207	3	1	3	15316
2.208	1	1	3	15316
2.208	3	1	3	15316
2.209	1	1	3	15316
2.209	3	1	3	15316
2.21	3	1	3	15316
2.211	3	1	3	15316
2.212	3	1	3	15316
2.213	3	1	3	15316
2.214	3	1	3	15316
2.215	1	1	3	21022
2.215	3	1	3	15316
2.216	1	1	3	44326
2.216	3	1	3	15316
2.217	1	1	3	48353
2.217	3	1	3	15316
2.218	1	1	3	24142
2.218	3	1	3	15316
2.219	1	1	3	15316
2.219	3	1	3	15316
2.22	1	1	3	15316
2.22	3	1	3	15316
2.221	1	1	3	15316
2.221	3	1	3	15316
2.222	1	1	3	15316
2.222	3	1	3	15316
2.223	1	1	3	15316
2.223	3	1	3	15316
2.224	3	1	3	15316
2.225	3	1	3	15316
2.226	3	1	3	15316
2.227	3	1	3	15316
2.228	3	1	3	15316
2.229	1	1	3	21022
2.229	3	1	3	15316
2.23	1	1	3	48353
2.23	3	1	3	15316
2.231	1	1	3	48353
2.231	3	1	3	15316
2.232	1	1	3	20115
2.232	3	1	3	15316
2.233	1	1	3	15316
2.233	3	1	3	15316
2.234	1	1	3	15316
2.234	3	1	3	15316
2.235	1	1	3	15316
2.235	3	1	3	15316
2.236	1	1	3	15316
2.236	3	1	3	15316
2.237	1	1	3	15316
2.237	3	1	3	15316
2.238	3	1	3	15316
2.239	3	1	3	15316
2.24	3	1	3	15316
2.241	3	1	3	15316
2.242	3	1	3	15316
2.243	1	1	3	21022
2.243	3	1	3	15316
2.244	1	1	3	48353
2.244	3	1	3	15316
2.245	1	1	3	48353
2.245	3	1	3	15316
2.246	1	1	3	20115
2.246	3	1	3	15316
2.247	1	1	3	15316
2.247	3	1	3	15316
2.248	1	1	3	15316
2.248	3	1	3	15316
2.249	1	1	3	15316
2.249	3	1	3	15316
2.25	1	1	3	15316
2.25	3	1	3	15316
2.251	1	1	3	15316
2.251	3	1	3	15316
2.252	3	1	3	15316
2.253	3	1	3	15316
2.254	3	1	3	15316
2.255	3	1	3	15316
2.256	3	1	3	15316
2.257	1	1	3	21022
2.257	3	1	3	15316
2.258	1	1	3	48353
2.258	3	1	3	15316
2.259	1	1	3	48353
2.259	3	1	3	15316
2.26	1	1	3	20115
2.26	3	1	3	15316
2.261	1	1	3	15316
2.261	3	1	3	15316
2.262	1	1	3	15316
2.262	3	1	3	15316
2.263	1	1	3	15316
2.263	3	1	3	15316
2.264	1	1	3	15316
2.264	3	1	3	15316
2.265	1	1	3	15316
2.265	3	1	3	15316
2.266	3	1	3	15316
2.267	3	1	3	15316
2.268	3	1	3	15316
2.269	3	1	3	15316
2.27	3	1	3	15316
2.271	1	1	3	21022
2.271	3	1	3	15316
2.272	1	1	3	48353
2.272	3	1	3	15316
2.273	1	1	3	48353
2.273	3	1	3	15316
2.274	1	1	3	20115
2.274	3	1	3	15316
2.275	1	1	3	15316
2.275	3	1	3	15316
2.276	1	1	3	15316
2.276	3	1	3	15316
2.277	1	1	3	15316
2.277	3	1	3	15316
2.278	1	1	3	15316
2.278	3	1	3	15316
2.279	1	1	3	15316
2.279	3	1	3	15316
2.28	3	1	3	15316
2.281	3	1	3	15316
2.282	3	1	3	15316
2.283	3	1	3	15316
2.284	3	1	3	15316
2.285	1	1	3	21022
2.285	3	1	3	15316
2.286	1	1	3	48353
2.286	3	1	3	15316
2.287	1	1	3	48353
2.287	3	1	3	15316
2.288	1	1	3	20115
2.288	3	1	3	15316
2.289	1	1	3	15316
2.289	3	1	3	15316
2.29	1	1	3	15316
2.29	3	1	3	15316
2.291	1	1	3	15316
2.291	3	1	3	15316
2.292	1	1	3	15316
2.292	3	1	3	15316
2.293	1	1	3	15316
2.293	3	1	3	15316
2.294	3	1	3	15316
2.295	3	1	3	15316
2.296	3	1	3	15316
2.297	3	1	3	15316
2.298	3	1	3	15316
2.299	1	1	3	21022
2.299	3	1	3	15316
2.3	1	1	3	48353
2.3	3	1	3	15316
2.301	1	1	3	48353
2.301	3	1	3	15316
2.302	1	1	3	20115
2.302	3	1	3	15316
2.303	1	1	3	15316
2.303	3	1	3	15316
2.304	1	1	3	15316
2.304	3	1	3	15316
2.305	1	1	3	15316
2.305	3	1	3	15316
2.306	1	1	3	15316
2.306	3	1	3	15316
2.307	1	1	3	15316
2.307	3	1	3	15316
2.308	3	1	3	15316
2.309	3	1	3	15316
2.31	3	1	3	15316
2.311	3	1	3	15316
2.312	3	1	3	15316
2.313	1	1	3	21022
2.313	3	1	3	15316
2.314	1	1	3	48353
2.314	3	1	3	15316
2.315	1	1	3	48353
2.315	3	1	3	15316
2.316	1	1	3	20115
2.316	3	1	3	15316
2.317	1	1	3	15316
2.317	3	1	3	15316
2.318	1	1	3	15316
2.318	3	1	3	15316
2.319	1	1	3	15316
2.319	3	1	3	15316
2.32	1	1	3	15316
2.32	3	1	3	15316
2.321	1	1	3	15316
2.321	3	1	3	15316
2.322	3	1	3	15316
2.323	3	1	3	15316
2.324	3	1	3	15316
2.325	3	1	3	15316
2.326	3	1	3	15316
2.327	1	1	3	21022
2.327	3	1	3	15316
2.328	1	1	3	48353
2.328	3	1	3	15316
2.329	1	1	3	48353
2.329	3	1	3	15316
2.33	1	1	3	20115
2.33	3	1	3	15316
2.331	1	1	3	15316
2.331	3	1	3	15316
2.332	1	1	3	15316
2.332	3	1	3	15316
2.333	1	1	3	15316
2.333	3	1	3	15316
2.334	1	1	3	15316
2.334	3	1	3	15316
2.335	1	1	3	15316
2.335	3	1	3	15316
2.336	3	1	3	15316
2.337	3	1	3	15316
2.338	3	1	3	15316
2.339	3	1	3	15316
2.34	3	1	3	15316
2.341	1	1	3	21022
2.341	3	1	3	15316
2.342	1	1	3	48353
2.342	3	1	3	15316
2.343	1	1	3	48353
2.343	3	1	3	15316
2.344	1	1	3	20115
2.344	3	1	3	15316
2.345	1	1	3	15316
2.345	3	1	3	15316
2.346	1	1	3	15316
2.346	3	1	3	15316
2.347	1	1	3	15316
2.347	3	1	3	15316
2.348	1	1	3	15316
2.348	3	1	3	15316
2.349	1	1	3	15316
2.349	3	1	3	15316
2.35	3	1	3	15316
2.351	3	1	3	15316
2.352	3	1	3	15316
2.353	3	1	3	15316
2.354	3	1	3	15316
2.355	1	1	3	21022
2.355	3	1	3	15316
2.356	1	1	3	48353
2.356	3	1	3	15316
2.357	1	1	3	48353
2.357	3	1	3	15316
2.358	1	1	3	20115
2.358	3	1	3	15316
2.359	1	1	3	15316
2.359	3	1	3	15316
2.36	1	1	3	15316
2.36	3	1	3	15316
2.361	1	1	3	15316
2.361	3	1	3	15316
2.362	1	1	3	15316
2.362	3	1	3	15316
2.363	1	1	3	15316
2.363	3	1	3	15316
2.364	3	1	3	15316
2.365	3	1	3	15316
2.366	3	1	3	15316
2.367	3	1	3	15316
2.368	3	1	3	15316
2.369	1	1	3	21022
2.369	3	1	3	15316
2.37	1	1	3	48353
2.37	3	1	3	15316
2.371	1	1	3	48353
2.371	3	1	3	15316
2.372	1	1	3	20115
2.372	3	1	3	15316
2.373	1	1	3	15316
2.373	3	1	3	15316
2.374	1	1	3	15316
2.374	3	1	3	15316
2.375	1	1	3	15316
2.375	3	1	3	15316
2.376	1	1	3	15316
2.376	3	1	3	15316
2.377	1	1	3	15316
2.377	3	1	3	15316
2.378	3	1	3	15316
2.379	3	1	3	15316
2.38	3	1	3	15316
2.381	3	1	3	15316
2.382	3	1	3	15316
2.383	1	1	3	21022
2.383	3	1	3	15316
2.384	1	1	3	48353
2.384	3	1	3	15316
2.385	1	1	3	48353
2.385	3	1	3	15316
2.386	1	1	3	20115
2.386	3	1	3	15316
2.387	1	1	3	15316
2.387	3	1	3	15316
2.388	1	1	3	15316
2.388	3	1	3	15316
2.389	1	1	3	15316
2.389	3	1	3	15316
2.39	1	1	3	15316
2.39	3	1	3	15316
2.391	1	1	3	15316
2.391	3	1	3	15316
2.392	3	1	3	15316
2.393	3	1	3	15316
2.394	3	1	3	15316
2.395	3	1	3	15316
2.396	3	1	3	15316
2.397	1	1	3	21022
2.397	3	1	3	15316
2.398	1	1	3	48353
2.398	3	1	3	15316
2.399	1	1	3	48353
2.399	3	1	3	15316
2.4	1	1	3	20115
2.4	3	1	3	15316
2.401	1	1	3	15316
2.401	3	1	3	15316
2.402	1	1	3	15316
2.402	3	1	3	15316
2.403	1	1	3	15316
2.403	3	1	3	15316
2.404	1	1	3	15316
2.404	3	1	3	15316
2.405	1	1	3	15316
2.405	3	1	3	15316
2.406	3	1	3	15316
2.407	3	1	3	15316
2.408	3	1	3	15316
2.409	3	1	3	15316
2.41	3	1	3	15316
2.411	1	1	3	21022
2.411	3	1	3	15316
2.412	1	1	3	48353
2.412	3	1	3	15316
2.413	1	1	3	48353
2.413	3	1	3	15316
2.414	1	1	3	20115
2.414	3	1	3	15316
2.415	1	1	3	15316
2.415	3	1	3	15316
2.416	1	1	3	15316
2.416	3	1	3	15316
2.417	1	1	3	15316
2.417	3	1	3	15316
2.418	1	1	3	15316
2.418	3	1	3	15316
2.419	1	1	3	15316
2.419	3	1	3	15316
2.42	3	1	3	15316
2.421	3	1	3	15316
2.422	3	1	3	15316
2.423	3	1	3	15316
2.424	3	1	3	15316
2.425	1	1	3	21022
2.425	3	1	3	15316
2.426	1	1	3	48353
2.426	3	1	3	15316
2.427	1	1	3	48353
2.427	3	1	3	15316
2.428	1	1	3	20115
2.428	3	1	3	15316
2.429	1	1	3	15316
2.429	3	1	3	15316
2.43	1	1	3	15316
2.43	3	1	3	15316
2.431	1	1	3	15316
2.431	3	1	3	15316
2.432	1	1	3	15316
2.432	3	1	3	15316
2.433	1	1	3	15316
2.433	3	1	3	15316
2.434	3	1	3	15316
2.435	3	1	3	15316
2.436	3	1	3	15316
2.437	3	1	3	15316
2.438	3	1	3	15316
2.439	1	1	3	21022
2.439	3	1	3	15316
2.44	1	1	3	48353
2.44	3	1	3	15316
2.441	1	1	3	48353
2.441	3	1	3	15316
2.442	1	1	3	20115
2.442	3	1	3	15316
2.443	1	1	3	15316
2.443	3	1	3	15316
2.444	1	1	3	15316
2.444	3	1	3	15316
2.445	1	1	3	15316
2.445	3	1	3	15316
2.446	1	1	3	15316
2.446	3	1	3	15316
2.447	1	1	3	15316
2.447	3	1	3	15316
2.448	3	1	3	15316
2.449	3	1	3	15316
2.45	3	1	3	15316
2.451	3	1	3	15316
2.452	3	1	3	15316
2.453	1	1	3	21022
2.453	3	1	3	15316
2.454	1	1	3	48353
2.454	3	1	3	15316
2.455	1	1	3	48353
2.455	3	1	3	15316
2.456	1	1	3	20115
2.456	3	1	3	15316
2.457	1	1	3	15316
2.457	3	1	3	15316
2.458	1	1	3	15316
2.458	3	1	3	15316
2.459	1	1	3	15316
2.459	3	1	3	15316
2.46	1	1	3	15316
2.46	3	1	3	15316
2.461	1	1	3	15316
2.461	3	1	3	15316
2.462	3	1	3	15316
2.463	3	1	3	15316
2.464	3	1	3	15316
2.465	3	1	3	15316
2.466	3	1	3	15316
2.467	1	1	3	21022
2.467	3	1	3	15316
2.468	1	1	3	48353
2.468	3	1	3	15316
2.469	1	1	3	48353
2.469	3	1	3	15316
2.47	1	1	3	20115
2.47	3	1	3	15316
2.471	1	1	3	15316
2.471	3	1	3	15316
2.472	1	1	3	15316
2.472	3	1	3	15316
2.473	1	1	3	15316
2.473	3	1	3	15316
2.474	1	1	3	15316
2.474	3	1	3	15316
2.475	1	1	3	15316
2.475	3	1	3	15316
2.476	3	1	3	15316
2.477	3	1	3	15316
2.478	3	1	3	15316
2.479	3	1	3	15316
2.48	3	1	3	15316
2.481	1	1	3	21022
2.481	3	1	3	15316
2.482	1	1	3	48353
2.482	3	1	3	15316
2.483	1	1	3	48353
2.483	3	1	3	15316
2.484	1	1	3	20115
2.484	3	1	3	15316
2.485	1	1	3	15316
2.485	3	1	3	15316
2.486	1	1	3	15316
2.486	3	1	3	15316
2.487	1	1	3	15316
2.487	3	1	3	15316
2.488	1	1	3	15316
2.488	3	1	3	15316
2.489	1	1	3	15316
2.489	3	1	3	15316
2.49	3	1	3	15316
2.491	3	1	3	15316
2.492	3	1	3	15316
2.493	3	1	3	15316
2.494	3	1	3	15316
2.495	1	1	3	21022
2.495	3	1	3	15316
2.496	1	1	3	48353
2.496	3	1	3	15316
2.497	1	1	3	48353
2.497	3	1	3	15316
2.498	1	1	3	20115
2.498	3	1	3	15316
2.499	1	1	3	15316
2.499	3	1	3	15316
2.5	1	1	3	15316
2.5	3	1	3	15316
2.501	1	1	3	15316
2.501	3	1	3	15316
2.502	1	1	3	15316
2.502	3	1	3	15316
2.503	1	1	3	15316
2.503	3	1	3	15316
2.504	3	1	3	15316
2.505	3	1	3	15316
2.506	3	1	3	15316
2.507	3	1	3	15316
2.508	3	1	3	15316
2.509	1	1	3	21022
2.509	3	1	3	15316
2.51	1	1	3	48353
2.51	3	1	3	15316
2.511	1	1	3	48353
2.511	3	1	3	15316
2.512	1	1	3	20115
2.512	3	1	3	15316
2.513	1	1	3	15316
2.513	3	1	3	15316
2.514	1	1	3	15316
2.514	3	1	3	15316
2.515	1	1	3	15316
2.515	3	1	3	15316
2.516	1	1	3	15316
2.516	3	1	3	15316
2.517	1	1	3	15316
2.517	3	1	3	15316
2.518	3	1	3	15316
2.519	3	1	3	15316
2.52	3	1	3	15316
2.521	3	1	3	15316
2.522	3	1	3	15316
2.523	1	1	3	21022
2.523	3	1	3	15316
2.524	1	1	3	48353
2.524	3	1	3	15316
2.525	1	1	3	48353
2.525	3	1	3	15316
2.526	1	1	3	20115
2.526	3	1	3	15316
2.527	1	1	3	15316
2.527	3	1	3	15316
2.528	1	1	3	15316
2.528	3	1	3	15316
2.529	1	1	3	15316
2.529	3	1	3	15316
2.53	1	1	3	15316
2.53	3	1	3	15316
2.531	1	1	3	15316
2.531	3	1	3	15316
2.532	3	1	3	15316
2.533	3	1	3	15316
2.534	3	1	3	15316
2.535	3	1	3	15316
2.536	3	1	3	15316
2.537	1	1	3	21022
2.537	3	1	3	15316
2.538	1	1	3	48353
2.538	3	1	3	15316
2.539	1	1	3	48353
2.539	3	1	3	15316
2.54	1	1	3	20115
2.54	3	1	3	15316
2.541	1	1	3	15316
2.541	3	1	3	15316
2.542	1	1	3	15316
2.542	3	1	3	15316
2.543	1	1	3	15316
2.543	3	1	3	15316
2.544	1	1	3	15316
2.544	3	1	3	15316
2.545	1	1	3	15316
2.545	3	1	3	15316
2.546	3	1	3	15316
2.547	3	1	3	15316
2.548	3	1	3	15316
2.549	3	1	3	15316
2.55	3	1	3	15316
2.551	1	1	3	21022
2.551	3	1	3	15316
2.552	1	1	3	48353
2.552	3	1	3	15316
2.553	1	1	3	48353
2.553	3	1	3	15316
2.554	1	1	3	20115
2.554	3	1	3	15316
2.555	1	1	3	15316
2.555	3	1	3	15316
2.556	1	1	3	15316
2.556	3	1	3	15316
2.557	1	1	3	15316
2.557	3	1	3	15316
2.558	1	1	3	15316
2.558	3	1	3	15316
2.559	1	1	3	15316
2.559	3	1	3	15316
2.56	3	1	3	15316
2.561	3	1	3	15316
2.562	3	1	3	15316
2.563	3	1	3	15316
2.564	3	1	3	15316
2.565	1	1	3	21022
2.565	3	1	3	15316
2.566	1	1	3	48353
2.566	3	1	3	15316
2.567	1	1	3	48353
2.567	3	1	3	15316
2.568	1	1	3	20115
2.568	3	1	3	15316
2.569	1	1	3	15316
2.569	3	1	3	15316
2.57	1	1	3	15316
2.57	3	1	3	15316
2.571	1	1	3	15316
2.571	3	1	3	15316
2.572	1	1	3	15316
2.572	3	1	3	15316
2.573	1	1	3	15316
2.573	3	1	3	15316
2.574	3	1	3	15316
2.575	3	1	3	15316
2.576	3	1	3	15316
2.577	3	1	3	15316
2.578	3	1	3	15316
2.579	1	1	3	21022
2.579	3	1	3	15316
2.58	1	1	3	48353
2.58	3	1	3	15316
2.581	1	1	3	48353
2.581	3	1	3	15316
2.582	1	1	3	20115
2.582	3	1	3	15316
2.583	1	1	3	15316
2.583	3	1	3	15316
2.584	1	1	3	15316
2.584	3	1	3	15316
2.585	1	1	3	15316
2.585	3	1	3	15316
2.586	1	1	3	15316
2.586	3	1	3	15316
2.587	1	1	3	15316
2.587	3	1	3	15316
2.588	3	1	3	15316
2.589	3	1	3	15316
2.59	3	1	3	15316
2.591	3	1	3	15316
2.592	3	1	3	15316
2.593	1	1	3	21022
2.593	3	1	3	15316
2.594	1	1	3	48353
2.594	3	1	3	15316
2.595	1	1	3	48353
2.595	3	1	3	15316
2.596	1	1	3	20115
2.596	3	1	3	15316
2.597	1	1	3	15316
2.597	3	1	3	15316
2.598	1	1	3	15316
2.598	3	1	3	15316
2.599	1	1	3	15316
2.599	3	1	3	15316
2.6	1	1	3	15316
2.6	3	1	3	15316
2.601	1	1	3	15316
2.601	3	1	3	15316
2.602	3	1	3	15316
2.603	3	1	3	15316
2.604	3	1	3	15316
2.605	3	1	3	15316
2.606	3	1	3	15316
2.607	1	1	3	21022
2.607	3	1	3	15316
2.608	1	1	3	48353
2.608	3	1	3	15316
2.609	1	1	3	48353
2.609	3	1	3	15316
2.61	1	1	3	20115
2.61	3	1	3	15316
2.611	1	1	3	15316
2.611	3	1	3	15316
2.612	1	1	3	15316
2.612	3	1	3	15316
2.613	1	1	3	15316
2.613	3	1	3	15316
2.614	1	1	3	15316
2.614	3	1	3	15316
2.615	1	1	3	15316
2.615	3	1	3	15316
2.616	3	1	3	15316
2.617	3	1	3	15316
2.618	3	1	3	15316
2.619	3	1	3	15316
2.62	3	1	3	15316
2.621	1	1	3	21022
2.621	3	1	3	15316
2.622	1	1	3	48353
2.622	3	1	3	15316
2.623	1	1	3	48353
2.623	3	1	3	15316
2.624	1	1	3	20115
2.624	3	1	3	15316
2.625	1	1	3	15316
2.625	3	1	3	15316
2.626	1	1	3	15316
2.626	3	1	3	15316
2.627	1	1	3	15316
2.627	3	1	3	15316
2.628	1	1	3	15316
2.628	3	1	3	15316
2.629	1	1	3	15316
2.629	3	1	3	15316
2.63	3	1	3	15316
2.631	3	1	3	15316
2.632	3	1	3	15316
2.633	3	1	3	15316
2.634	3	1	3	15316
2.635	1	1	3	21022
2.635	3	1	3	15316
2.636	1	1	3	48353
2.636	3	1	3	15316
2.637	1	1	3	48353
2.637	3	1	3	15316
2.638	1	1	3	20115
2.638	3	1	3	15316
2.639	1	1	3	15316
2.639	3	1	3	15316
2.64	1	1	3	15316
2.64	3	1	3	15316
2.641	1	1	3	15316
2.641	3	1	3	15316
2.642	1	1	3	15316
2.642	3	1	3	15316
2.643	1	1	3	15316
2.643	3	1	3	15316
2.644	3	1	3	15316
2.645	3	1	3	15316
2.646	3	1	3	15316
2.647	3	1	3	15316
2.648	3	1	3	15316
2.649	1	1	3	21022
2.649	3	1	3	15316
2.65	1	1	3	48353
2.65	3	1	3	15316
2.651	1	1	3	48353
2.651	3	1	3	15316
2.652	1	1	3	20115
2.652	3	1	3	15316
2.653	1	1	3	15316
2.653	3	1	3	15316
2.654	1	1	3	15316
2.654	3	1	3	15316
2.655	1	1	3	15316
2.655	3	1	3	15316
2.656	1	1	3	15316
2.656	3	1	3	15316
2.657	1	1	3	15316
2.657	3	1	3	15316
2.658	3	1	3	15316
2.659	3	1	3	15316
2.66	3	1	3	15316
2.661	3	1	3	15316
2.662	3	1	3	15316
2.663	1	1	3	21022
2.663	3	1	3	15316
2.664	1	1	3	48353
2.664	3	1	3	15316
2.665	1	1	3	48353
2.665	3	1	3	15316
2.666	1	1	3	20115
2.666	3	1	3	15316
2.667	1	1	3	15316
2.667	3	1	3	15316
2.668	1	1	3	15316
2.668	3	1	3	15316
2.669	1	1	3	15316
2.669	3	1	3	15316
2.67	1	1	3	15316
2.67	3	1	3	15316
2.671	1	1	3	15316
2.671	3	1	3	15316
2.672	3	1	3	15316
2.673	3	1	3	15316
2.674	3	1	3	15316
2.675	3	1	3	15316
2.676	3	1	3	15316
2.677	1	1	3	21022
2.677	3	1	3	15316
2.678	1	1	3	48353
2.678	3	1	3	15316
2.679	1	1	3	48353
2.679	3	1	3	15316
2.68	1	1	3	20115
2.68	3	1	3	15316
2.681	1	1	3	15316
2.681	3	1	3	15316
2.682	1	1	3	15316
2.682	3	1	3	15316
2.683	1	1	3	15316
2.683	3	1	3	15316
2.684	1	1	3	15316
2.684	3	1	3	15316
2.685	1	1	3	15316
2.685	3	1	3	15316
2.686	3	1	3	15316
2.687	3	1	3	15316
2.688	3	1	3	15316
2.689	3	1	3	15316
2.69	3	1	3	15316
2.691	1	1	3	21022
2.691	3	1	3	15316
2.692	1	1	3	48353
2.692	3	1	3	15316
2.693	1	1	3	48353
2.693	3	1	3	15316
2.694	1	1	3	20115
2.694	3	1	3	15316
2.695	1	1	3	15316
2.695	3	1	3	15316
2.696	1	1	3	15316
2.696	3	1	3	15316
2.697	1	1	3	15316
2.697	3	1	3	15316
2.698	1	1	3	15316
2.698	3	1	3	15316
2.699	1	1	3	15316
2.699	3	1	3	15316
2.7	3	1	3	15316
2.701	3	1	3	15316
2.702	3	1	3	15316
2.703	3	1	3	15316
2.704	3	1	3	15316
2.705	1	1	3	21022
2.705	3	1	3	15316
2.706	1	1	3	48353
2.706	3	1	3	15316
2.707	1	1	3	48353
2.707	3	1	3	15316
2.708	1	1	3	20115
2.708	3	1	3	15316
2.709	1	1	3	15316
2.709	3	1	3	15316
2.71	1	1	3	15316
2.71	3	1	3	15316
2.711	1	1	3	15316
2.711	3	1	3	15316
2.712	1	1	3	15316
2.712	3	1	3	15316
2.713	1	1	3	15316
2.713	3	1	3	15316
2.714	3	1	3	15316
2.715	3	1	3	15316
2.716	3	1	3	15316
2.717	3	1	3	15316
2.718	3	1	3	15316
2.719	1	1	3	21022
2.719	3	1	3	15316
2.72	1	1	3	48353
2.72	3	1	3	15316
2.721	1	1	3	48353
2.721	3	1	3	15316
2.722	1	1	3	20115
2.722	3	1	3	15316
2.723	1	1	3	15316
2.723	3	1	3	15316
2.724	1	1	3	15316
2.724	3	1	3	15316
2.725	1	1	3	15316
2.725	3	1	3	15316
2.726	1	1	3	15316
2.726	3	1	3	15316
2.727	1	1	3	15316
2.727	3	1	3	15316
2.728	3	1	3	15316
2.729	3	1	3	15316
2.73	3	1	3	15316
2.731	3	1	3	15316
2.732	3	1	3	15316
2.733	1	1	3	21022
2.733	3	1	3	15316
2.734	1	1	3	48353
2.734	3	1	3	15316
2.735	1	1	3	48353
2.735	3	1	3	15316
2.736	1	1	3	20115
2.736	3	1	3	15316
2.737	1	1	3	15316
2.737	3	1	3	15316
2.738	1	1	3	15316
2.738	3	1	3	15316
2.739	1	1	3	15316
2.739	3	1	3	15316
2.74	1	1	3	15316
2.74	3	1	3	15316
2.741	1	1	3	15316
2.741	3	1	3	15316
2.742	3	1	3	15316
2.743	3	1	3	15316
2.744	3	1	3	15316
2.745	3	1	3	15316
2.746	3	1	3	15316
2.747	1	1	3	21022
2.747	3	1	3	15316
2.748	1	1	3	48353
2.748	3	1	3	15316
2.749	1	1	3	48353
2.749	3	1	3	15316
2.75	1	1	3	20115
2.75	3	1	3	15316
2.751	1	1	3	15316
2.751	3	1	3	15316
2.752	1	1	3	15316
2.752	3	1	3	15316
2.753	1	1	3	15316
2.753	3	1	3	15316
2.754	1	1	3	15316
2.754	3	1	3	15316
2.755	1	1	3	15316
2.755	3	1	3	15316
2.756	3	1	3	15316
2.757	3	1	3	15316
2.758	3	1	3	15316
2.759	3	1	3	15316
2.76	3	1	3	15316
2.761	1	1	3	21022
2.761	3	1	3	15316
2.762	1	1	3	48353
2.762	3	1	3	15316
2.763	1	1	3	48353
2.763	3	1	3	15316
2.764	1	1	3	20115
2.764	3	1	3	15316
2.765	1	1	3	15316
2.765	3	1	3	15316
2.766	1	1	3	15316
2.766	3	1	3	15316
2.767	1	1	3	15316
2.767	3	1	3	15316
2.768	1	1	3	15316
2.768	3	1	3	15316
2.769	1	1	3	15316
2.769	3	1	3	15316
2.77	3	1	3	15316
2.771	3	1	3	15316
2.772	3	1	3	15316
2.773	3	1	3	15316
2.774	3	1	3	15316
2.775	1	1	3	21022
2.775	3	1	3	15316
2.776	1	1	3	44326
2.776	3	1	3	15316
2.777	1	1	3	48353
2.777	3	1	3	15316
2.778	1	1	3	24142
2.778	3	1	3	15316
2.779	1	1	3	15316
2.779	3	1	3	15316
2.78	1	1	3	15316
2.78	3	1	3	15316
2.781	1	1	3	15316
2.781	3	1	3	15316
2.782	1	1	3	15316
2.782	3	1	3	15316
2.783	1	1	3	15316
2.783	3	1	3	15316
2.784	3	1	3	15316
2.785	3	1	3	15316
2.786	3	1	3	15316
2.787	3	1	3	15316
2.788	3	1	3	15316
2.789	1	1	3	21022
2.789	3	1	3	15316
2.79	1	1	3	48353
2.79	3	1	3	15316
2.791	1	1	3	48353
2.791	3	1	3	15316
2.792	1	1	3	20115
2.792	3	1	3	15316
2.793	1	1	3	15316
2.793	3	1	3	15316
2.794	1	1	3	15316
2.794	3	1	3	15316
2.795	1	1	3	15316
2.795	3	1	3	15316
2.796	1	1	3	15316
2.796	3	1	3	15316
2.797	1	1	3	15316
2.797	3	1	3	15316
2.798	3	1	3	15316
2.799	3	1	3	15316
2.8	3	1	3	15316
2.801	3	1	3	15316
2.802	3	1	3	15316
2.803	1	1	3	21022
2.803	3	1	3	15316
2.804	1	1	3	48353
2.804	3	1	3	15316
2.805	1	1	3	48353
2.805	3	1	3	15316
2.806	1	1	3	20115
2.806	3	1	3	15316
2.807	1	1	3	15316
2.807	3	1	3	15316
2.808	1	1	3	15316
2.808	3	1	3	15316
2.809	1	1	3	15316
2.809	3	1	3	15316
2.81	1	1	3	15316
2.81	3	1	3	15316
